時間,狀態,多/空,進場價,進場量,當前均價,當前持倉量,出場價,出場量,實現損益,剩餘倉位
2023-01-01 06:59,開倉,1.0,16532.222215127502,0.6051818001118513,16532.222215127502,0.6051818001118513,,,,
2023-01-01 09:29,平倉,,,,,,16568.25297725606,-0.6051818001118513,11.778356322877926,0.0
2023-01-02 00:29,開倉,-1.0,16598.52670332081,-0.6022686620520783,16598.52670332081,-0.6022686620520783,,,,
2023-01-02 02:59,平倉,,,,,,16620.063921731355,0.6022686620520783,-22.98093537780263,0.0
2023-01-02 08:14,開倉,-1.0,16628.188557544523,-0.5992120678791812,16628.188557544523,-0.5992120678791812,,,,
2023-01-02 10:44,平倉,,,,,,16602.86266116924,0.5992120678791812,5.226947070012988,0.0
2023-01-02 11:59,開倉,-1.0,16661.700215183602,-0.5977227189471974,16661.700215183602,-0.5977227189471974,,,,
2023-01-02 14:29,平倉,,,,,,16662.46637839437,0.5977227189471974,-10.417487865556831,0.0
2023-01-02 15:14,開倉,-1.0,16688.85050170937,-0.5955299544175624,16688.85050170937,-0.5955299544175624,,,,
2023-01-02 17:44,平倉,,,,,,16753.188591981947,0.5955299544175624,-48.29228560587243,0.0
2023-01-02 22:29,開倉,1.0,16704.457113899683,0.5920811363017598,16704.457113899683,0.5920811363017598,,,,
2023-01-03 00:59,平倉,,,,,,16748.668090912888,-0.5920811363017598,16.259915072180483,0.0
2023-01-03 06:44,開倉,1.0,16727.69328875097,0.5916396531397758,16727.69328875097,0.5916396531397758,,,,
2023-01-03 09:14,平倉,,,,,,16664.971561542174,-0.5916396531397758,-46.96831892439393,0.0
2023-01-03 09:29,開倉,1.0,16668.273676242196,0.590335467738803,16668.273676242196,0.590335467738803,,,,
2023-01-03 11:59,平倉,,,,,,16684.002156664585,-0.590335467738803,-0.5640783699381036,0.0
2023-01-03 14:29,開倉,-1.0,16746.867205715935,-0.58635679803568,16746.867205715935,-0.58635679803568,,,,
2023-01-03 16:59,平倉,,,,,,16723.507390217655,0.58635679803568,3.891244373021191,0.0
2023-01-03 22:59,開倉,1.0,16669.25292697287,0.5893205092849728,16669.25292697287,0.5893205092849728,,,,
2023-01-04 01:29,平倉,,,,,,16617.032520333534,-0.5893205092849728,-40.56731470344926,0.0
2023-01-04 10:44,開倉,-1.0,16730.433987815246,-0.5835681463025726,16730.433987815246,-0.5835681463025726,,,,
2023-01-04 13:14,平倉,,,,,,16849.766528857966,0.5835681463025726,-79.47165678875287,0.0
2023-01-04 20:59,開倉,1.0,16818.271298152482,0.5757926476067489,16818.271298152482,0.5757926476067489,,,,
2023-01-04 23:29,平倉,,,,,,16804.293650000003,-0.5757926476067489,-17.724015768926044,0.0
2023-01-05 01:44,開倉,-1.0,16910.45696692743,-0.5704614506595974,16910.45696692743,-0.5704614506595974,,,,
2023-01-05 04:14,平倉,,,,,,16835.440626036238,0.5704614506595974,33.18996076594324,0.0
2023-01-05 15:29,開倉,1.0,16801.98372882768,0.5761206847392142,16801.98372882768,0.5761206847392142,,,,
2023-01-05 17:59,平倉,,,,,,16792.29965,-0.5761206847392142,-15.253589297974791,0.0
2023-01-05 21:59,開倉,1.0,16789.69819969296,0.5750564560211847,16789.69819969296,0.5750564560211847,,,,
2023-01-06 00:29,平倉,,,,,,16830.828231802134,-0.5750564560211847,13.973414065857146,0.0
2023-01-06 12:29,開倉,1.0,16819.26159753472,0.5743025540855403,16819.26159753472,0.5743025540855403,,,,
2023-01-06 14:59,平倉,,,,,,16776.862869621316,-0.5743025540855403,-33.98469292621295,0.0
2023-01-06 14:59,開倉,1.0,16793.64812511868,0.5725783321061851,16793.64812511868,0.5725783321061851,,,,
2023-01-06 17:29,平倉,,,,,,16769.63635381675,-0.5725783321061851,-23.350550376470874,0.0
2023-01-06 18:59,開倉,1.0,16773.073351092793,0.5713142797595681,16773.073351092793,0.5713142797595681,,,,
2023-01-06 21:29,平倉,,,,,,16706.567102037843,-0.5713142797595681,-47.54067012949479,0.0
2023-01-07 03:44,開倉,-1.0,16913.912441875655,-0.5626151631978213,16913.912441875655,-0.5626151631978213,,,,
2023-01-07 06:14,平倉,,,,,,16951.17135,0.5626151631978213,-30.499412710425986,0.0
2023-01-07 18:29,開倉,1.0,16922.218336237755,0.5605357855743055,16922.218336237755,0.5605357855743055,,,,
2023-01-07 20:59,平倉,,,,,,16911.412809407113,-0.5605357855743055,-15.536336534850319,0.0
2023-01-08 08:44,開倉,1.0,16923.15735,0.5590253873256452,16923.15735,0.5590253873256452,,,,
2023-01-08 11:14,平倉,,,,,,16914.83835,-0.5590253873256452,-14.106356257321194,0.0
2023-01-08 17:44,開倉,1.0,16928.6601,0.5574508509442804,16928.6601,0.5574508509442804,,,,
2023-01-08 20:14,平倉,,,,,,16914.909537478456,-0.5574508509442804,-17.094493493910882,0.0
2023-01-08 20:14,開倉,1.0,16931.83290870154,0.5557786551324054,16931.83290870154,0.5557786551324054,,,,
2023-01-08 22:44,平倉,,,,,,16934.439729637386,-0.5557786551324054,-7.962984704463452,0.0
2023-01-08 23:59,開倉,-1.0,16987.922939754837,-0.5523677649318394,16987.922939754837,-0.5523677649318394,,,,
2023-01-09 02:29,平倉,,,,,,16939.274002168935,0.5523677649318394,17.515396000487108,0.0
2023-01-09 07:14,開倉,-1.0,17025.233296444236,-0.5516346596023511,17025.233296444236,-0.5516346596023511,,,,
2023-01-09 09:44,平倉,,,,,,17181.820166204714,0.5516346596023511,-95.85683211725228,0.0
2023-01-09 17:44,開倉,-1.0,17236.66801828819,-0.5387649659238464,17236.66801828819,-0.5387649659238464,,,,
2023-01-09 20:14,平倉,,,,,,17252.216569636123,0.5387649659238464,-17.67190460938486,0.0
2023-01-10 00:14,開倉,-1.0,17287.425752955078,-0.5356244504866616,17287.425752955078,-0.5356244504866616,,,,
2023-01-10 02:44,平倉,,,,,,17344.82435715951,0.5356244504866616,-40.03440785079083,0.0
2023-01-10 23:14,開倉,-1.0,17324.23355,-0.5316424858791725,17324.23355,-0.5316424858791725,,,,
2023-01-11 01:44,平倉,,,,,,17331.948077186982,0.5316424858791725,-13.315770371953622,0.0
2023-01-11 02:29,開倉,-1.0,17364.411221844635,-0.5291157682897464,17364.411221844635,-0.5291157682897464,,,,
2023-01-11 04:59,平倉,,,,,,17479.899757467687,0.5291157682897464,-70.35569584464895,0.0
2023-01-11 09:14,開倉,-1.0,17472.719167621217,-0.5212857820970783,17472.719167621217,-0.5212857820970783,,,,
2023-01-11 11:44,平倉,,,,,,17421.163324197823,0.5212857820970783,17.793923412142803,0.0
2023-01-11 20:29,開倉,1.0,17416.26753693753,0.5239976292252582,17416.26753693753,0.5239976292252582,,,,
2023-01-11 22:59,平倉,,,,,,17405.77778200774,-0.5239976292252582,-14.617193006957308,0.0
2023-01-11 23:44,開倉,1.0,17356.587435279267,0.5244307261266314,17356.587435279267,0.5244307261266314,,,,
2023-01-12 02:14,平倉,,,,,,17503.443900000002,-0.5244307261266314,67.8366986356913,0.0
2023-01-12 02:14,開倉,-1.0,17503.443900000002,-0.5228648161405556,17503.443900000002,-0.5228648161405556,,,,
2023-01-12 04:44,平倉,,,,,,17538.853594285007,0.5228648161405556,-27.684932751814195,0.0
2023-01-12 07:44,開倉,-1.0,17889.35085,-0.5095275174451329,17889.35085,-0.5095275174451329,,,,
2023-01-12 10:14,平倉,,,,,,18262.426649999998,0.5095275174451329,-199.3975951063546,0.0
2023-01-12 20:14,開倉,-1.0,18205.19285,-0.4892399737488984,18205.19285,-0.4892399737488984,,,,
2023-01-12 22:44,平倉,,,,,,17991.223259171547,0.4892399737488984,95.88045140494675,0.0
2023-01-12 22:44,開倉,1.0,17991.223259171547,0.5003904590699089,17991.223259171547,0.5003904590699089,,,,
2023-01-13 01:14,平倉,,,,,,18132.7291,-0.5003904590699089,61.73472801468379,0.0
2023-01-13 01:44,開倉,-1.0,18631.371685864062,-0.4855436414730283,18631.37168586406,-0.4855436414730283,,,,
2023-01-13 04:14,平倉,,,,,,18846.556174352776,0.4855436414730283,-113.6322856434442,0.0
2023-01-13 17:59,開倉,-1.0,18895.468924937188,-0.47226807649278746,18895.468924937188,-0.47226807649278746,,,,
2023-01-13 20:29,平倉,,,,,,18894.042299999997,0.47226807649278746,-8.249303599230828,0.0
2023-01-13 23:14,開倉,-1.0,19113.338550000004,-0.46598673991267037,19113.338550000004,-0.46598673991267037,,,,
2023-01-14 01:44,平倉,,,,,,19281.579409378828,0.46598673991267037,-87.38296991138796,0.0
2023-01-14 05:44,開倉,-1.0,19751.3194,-0.44606239987677127,19751.3194,-0.44606239987677127,,,,
2023-01-14 08:14,平倉,,,,,,20166.502212000003,0.44606239987677127,-194.19295988211252,0.0
2023-01-14 08:14,開倉,-1.0,20240.8745,-0.4252493711732973,20240.8745,-0.4252493711732973,,,,
2023-01-14 08:44,平倉,,,,,,20666.348009999998,0.4252493711732973,-189.720694074095,0.0
2023-01-14 08:44,開倉,-1.0,21096.428033617813,-0.3986072993281953,21096.42803361781,-0.3986072993281953,,,,
2023-01-14 11:14,平倉,,,,,,20856.003516503068,0.3986072993281953,87.52161222289988,0.0
2023-01-14 16:44,開倉,-1.0,21028.4805,-0.4036555598850788,21028.4805,-0.4036555598850788,,,,
2023-01-14 19:14,平倉,,,,,,20714.41404712806,0.4036555598850788,118.41318147525988,0.0
2023-01-15 07:14,開倉,-1.0,21005.975837100428,-0.40931842883111247,21005.975837100428,-0.40931842883111247,,,,
2023-01-15 09:44,平倉,,,,,,20751.9102135219,0.40931842883111247,95.4996025793169,0.0
2023-01-15 16:59,開倉,1.0,20630.639148822163,0.4213965605972907,20630.639148822163,0.4213965605972907,,,,
2023-01-15 19:29,平倉,,,,,,20717.937245461922,-0.4213965605972907,28.05665017277619,0.0
2023-01-15 23:44,開倉,-1.0,20892.732886450656,-0.41662066806385456,20892.732886450656,-0.41662066806385456,,,,
2023-01-16 02:14,平倉,,,,,,20789.056993289727,0.41662066806385456,34.532369057861246,0.0
2023-01-16 09:14,開倉,-1.0,21186.914747148054,-0.4120543055812578,21186.914747148054,-0.4120543055812578,,,,
2023-01-16 11:44,平倉,,,,,,21059.33305666617,0.4120543055812578,43.89299601772589,0.0
2023-01-16 16:14,開倉,1.0,20814.90225,0.4215284935217396,20814.90225,0.4215284935217396,,,,
2023-01-16 18:44,平倉,,,,,,20835.917609639986,-0.4215284935217396,0.07563992872659675,0.0
2023-01-16 23:14,開倉,1.0,20673.906818205345,0.42398235039200605,20673.906818205345,0.42398235039200605,,,,
2023-01-17 01:44,平倉,,,,,,21077.132508786523,-0.42398235039200605,162.02424385044827,0.0
2023-01-17 02:59,開倉,-1.0,21269.22222150371,-0.41890543826566184,21269.222221503715,-0.41890543826566184,,,,
2023-01-17 05:29,平倉,,,,,,21126.20303972856,0.41890543826566184,51.06163167867069,0.0
2023-01-17 09:14,開倉,1.0,20982.78615,0.42705863544207345,20982.78615,0.42705863544207345,,,,
2023-01-17 11:44,平倉,,,,,,21125.42663738265,-0.42705863544207345,51.89405602753473,0.0
2023-01-17 20:29,開倉,-1.0,21281.55173656226,-0.4226588098431251,21281.55173656226,-0.4226588098431251,,,,
2023-01-17 22:59,平倉,,,,,,21290.626010048516,0.4226588098431251,-12.833992282113433,0.0
2023-01-18 17:44,開倉,1.0,21192.6439854795,0.42382606567241166,21192.6439854795,0.42382606567241166,,,,
2023-01-18 20:14,平倉,,,,,,21216.68635,-0.42382606567241166,1.197596061859855,0.0
2023-01-18 21:59,開倉,-1.0,21390.4994,-0.41912237489570375,21390.4994,-0.41912237489570375,,,,
2023-01-19 00:29,平倉,,,,,,20688.814388115272,0.41912237489570375,285.42074358972434,0.0
2023-01-19 00:29,開倉,1.0,20688.814388115272,0.4471401884803614,20688.81438811527,0.4471401884803614,,,,
2023-01-19 02:59,平倉,,,,,,20921.104652251266,-0.4471401884803614,94.51164581049802,0.0
2023-01-19 19:29,開倉,1.0,20738.728517257543,0.45017725329864877,20738.728517257543,0.45017725329864877,,,,
2023-01-19 21:59,平倉,,,,,,20766.559817444206,-0.45017725329864877,3.1803854146828634,0.0
2023-01-20 03:14,開倉,-1.0,21016.386550000003,-0.4434929734444148,21016.386550000007,-0.4434929734444148,,,,
2023-01-20 05:44,平倉,,,,,,20980.585049999998,0.4434929734444148,6.572971640346127,0.0
2023-01-20 13:29,開倉,1.0,20989.289399999998,0.44437883745479223,20989.289399999998,0.44437883745479223,,,,
2023-01-20 15:59,平倉,,,,,,20945.35875235466,-0.44437883745479223,-28.829524301716532,0.0
2023-01-20 21:14,開倉,-1.0,21085.75185,-0.44009508941721087,21085.75185,-0.44009508941721087,,,,
2023-01-20 23:44,平倉,,,,,,21125.657549999996,0.44009508941721087,-26.859600758219123,0.0
2023-01-21 00:44,開倉,-1.0,21291.846202014633,-0.43413870695930856,21291.846202014633,-0.43413870695930856,,,,
2023-01-21 03:14,平倉,,,,,,21392.283872618038,0.43413870695930856,-52.89109890513225,0.0
2023-01-21 04:14,開倉,-1.0,21837.44383222189,-0.4204480617481501,21837.44383222189,-0.4204480617481501,,,,
2023-01-21 05:29,平倉,,,,,,22296.47804424288,0.4204480617481501,-202.37455569782665,0.0
2023-01-21 05:29,開倉,-1.0,22274.35725,-0.40270794544226335,22274.35725,-0.40270794544226335,,,,
2023-01-21 07:59,平倉,,,,,,22673.5311,0.40270794544226335,-169.88129213298015,0.0
2023-01-21 16:14,開倉,-1.0,22726.631,-0.386828066029395,22726.631,-0.386828066029395,,,,
2023-01-21 18:14,平倉,,,,,,23204.35638,0.386828066029395,-193.77368114049003,0.0
2023-01-21 18:14,開倉,-1.0,23283.85225,-0.3688751726951042,23283.85225,-0.3688751726951042,,,,
2023-01-21 20:44,平倉,,,,,,22997.99325,0.3688751726951042,96.96289925971534,0.0
2023-01-21 23:29,開倉,-1.0,23203.292550000002,-0.37396265543934243,23203.292550000002,-0.37396265543934243,,,,
2023-01-22 01:59,平倉,,,,,,23233.210799999997,0.37396265543934243,-19.876661421246308,0.0
2023-01-22 06:59,開倉,1.0,22824.309359083814,0.3793007780937229,22824.30935908381,0.3793007780937229,,,,
2023-01-22 09:29,平倉,,,,,,22773.707449999998,-0.3793007780937229,-27.83142844438178,0.0
2023-01-22 19:29,開倉,1.0,22776.419301821716,0.37849546208370494,22776.419301821716,0.37849546208370494,,,,
2023-01-22 21:59,平倉,,,,,,22886.43114937529,-0.37849546208370494,32.97657474114263,0.0
2023-01-23 03:59,開倉,1.0,22732.34101116045,0.38030132159751934,22732.341011160446,0.38030132159751934,,,,
2023-01-23 06:29,平倉,,,,,,22554.5171,-0.38030132159751934,-76.20418108708105,0.0
2023-01-23 18:59,開倉,-1.0,22901.000709730903,-0.37341999693662226,22901.000709730903,-0.37341999693662226,,,,
2023-01-23 21:29,平倉,,,,,,22884.762631784397,0.37341999693662226,-2.4820049748154824,0.0
2023-01-23 22:59,開倉,1.0,22614.162303416488,0.37804665308090557,22614.162303416488,0.37804665308090557,,,,
2023-01-24 01:29,平倉,,,,,,22894.3471,-0.37804665308090557,97.26779329692327,0.0
2023-01-24 01:59,開倉,-1.0,23043.023070177325,-0.37448808841117576,23043.02307017732,-0.37448808841117576,,,,
2023-01-24 04:29,平倉,,,,,,22862.32545,0.37448808841117576,59.10743780624911,0.0
2023-01-24 10:29,開倉,-1.0,23107.825022382633,-0.375621267404152,23107.825022382636,-0.375621267404152,,,,
2023-01-24 12:59,平倉,,,,,,23082.135299999998,0.375621267404152,0.9794651648472339,0.0
2023-01-24 17:14,開倉,1.0,22925.457,0.37865201461105896,22925.457,0.37865201461105896,,,,
2023-01-24 19:44,平倉,,,,,,22889.929078165977,-0.37865201461105896,-22.12003693714846,0.0
2023-01-25 06:29,開倉,1.0,22720.747230106917,0.38070729732196007,22720.747230106917,0.38070729732196007,,,,
2023-01-25 08:59,平倉,,,,,,22636.676,-0.38070729732196007,-40.624478536850205,0.0
2023-01-25 09:29,開倉,1.0,22394.074199639126,0.384059422345919,22394.07419963913,0.384059422345919,,,,
2023-01-25 11:59,平倉,,,,,,22629.779449999998,-0.384059422345919,81.83364227411278,0.0
2023-01-25 18:14,開倉,1.0,22543.266,0.384767886101846,22543.266,0.384767886101846,,,,
2023-01-25 20:44,平倉,,,,,,22695.03818812809,-0.384767886101846,49.664742126449624,0.0
2023-01-25 22:44,開倉,1.0,22518.75375,0.3870079230020478,22518.75375,0.3870079230020478,,,,
2023-01-26 01:14,平倉,,,,,,22610.25130437729,-0.3870079230020478,26.65993208346011,0.0
2023-01-26 04:14,開倉,-1.0,22903.509229573538,-0.38090938260056506,22903.509229573538,-0.38090938260056506,,,,
2023-01-26 05:59,平倉,,,,,,23384.952680212195,0.38090938260056506,-192.2938754274195,0.0
2023-01-26 05:59,開倉,-1.0,23583.254029562333,-0.3614108562529201,23583.254029562333,-0.3614108562529201,,,,
2023-01-26 08:29,平倉,,,,,,23071.976677957366,0.3614108562529201,176.44272257964857,0.0
2023-01-26 14:29,開倉,1.0,23007.32588266434,0.3781306451038801,23007.32588266434,0.3781306451038801,,,,
2023-01-26 16:59,平倉,,,,,,22993.960095716437,-0.3781306451038801,-13.748734605417699,0.0
2023-01-27 08:59,開倉,1.0,22937.549920388476,0.3783017486351379,22937.549920388476,0.3783017486351379,,,,
2023-01-27 11:29,平倉,,,,,,22804.155062278154,-0.3783017486351379,-59.090359818277335,0.0
2023-01-27 23:44,開倉,-1.0,23111.52609712953,-0.3721480112633939,23111.52609712953,-0.3721480112633939,,,,
2023-01-28 02:14,平倉,,,,,,23198.487040706954,0.3721480112633939,-40.99561302644582,0.0
2023-01-28 14:29,開倉,1.0,23035.276474045873,0.37159928925844055,23035.276474045873,0.37159928925844055,,,,
2023-01-28 16:59,平倉,,,,,,22967.783575064164,-0.37159928925844055,-33.615125343930316,0.0
2023-01-28 21:14,開倉,1.0,22943.2659,0.37125038333835075,22943.265900000002,0.37125038333835075,,,,
2023-01-28 23:44,平倉,,,,,,23021.927280848577,-0.37125038333835075,20.656168465754607,0.0
2023-01-29 08:44,開倉,-1.0,23098.484543088565,-0.3689123071230676,23098.484543088565,-0.3689123071230676,,,,
2023-01-29 11:14,平倉,,,,,,23129.019062996413,0.3689123071230676,-19.79713997012265,0.0
2023-01-29 17:44,開倉,-1.0,23328.9297,-0.36405488966221,23328.929699999997,-0.36405488966221,,,,
2023-01-29 20:14,平倉,,,,,,23406.829821797834,0.36405488966221,-36.88129109390087,0.0
2023-01-29 21:14,開倉,-1.0,23548.51985,-0.3587341950496389,23548.51985,-0.3587341950496389,,,,
2023-01-29 23:44,平倉,,,,,,23553.770999999997,0.3587341950496389,-10.333310148402152,0.0
2023-01-30 02:44,開倉,-1.0,23692.383538261958,-0.3557636031179096,23692.38353826196,-0.3557636031179096,,,,
2023-01-30 05:14,平倉,,,,,,23733.872024899694,0.3557636031179096,-23.203741321666605,0.0
2023-01-30 10:14,開倉,1.0,23606.811716994944,0.3560697858613446,23606.811716994944,0.3560697858613446,,,,
2023-01-30 12:44,平倉,,,,,,23710.039050000003,-0.3560697858613446,28.31370583085156,0.0
2023-01-30 16:29,開倉,1.0,23563.926460422615,0.35756309096217526,23563.926460422615,0.35756309096217526,,,,
2023-01-30 18:59,平倉,,,,,,23232.940301008854,-0.35756309096217526,-126.6556761718524,0.0
2023-01-31 03:14,開倉,1.0,22807.397999999997,0.36349791296703726,22807.397999999997,0.36349791296703726,,,,
2023-01-31 05:44,平倉,,,,,,22727.2307,-0.36349791296703726,-37.40194716517178,0.0
2023-01-31 21:44,開倉,-1.0,23060.41768554881,-0.3571698416114163,23060.41768554881,-0.3571698416114163,,,,
2023-02-01 00:14,平倉,,,,,,23120.1308032575,0.3571698416114163,-29.585538251170846,0.0
2023-02-01 05:29,開倉,1.0,23002.554815773063,0.3567814735801821,23002.554815773063,0.3567814735801821,,,,
2023-02-01 07:59,平倉,,,,,,23116.35581953029,-0.3567814735801821,32.35460232231166,0.0
2023-02-01 16:29,開倉,1.0,22973.581049999997,0.3582830720271151,22973.58105,0.3582830720271151,,,,
2023-02-01 18:59,平倉,,,,,,22985.049315565324,-0.3582830720271151,-4.126268661908695,0.0
2023-02-02 03:44,開倉,-1.0,23251.06865,-0.35312214035076983,23251.06865,-0.35312214035076983,,,,
2023-02-02 06:14,平倉,,,,,,23739.817977,0.35312214035076983,-180.97126378081342,0.0
2023-02-02 08:44,開倉,-1.0,24147.07641171515,-0.3321884542178597,24147.07641171515,-0.3321884542178597,,,,
2023-02-02 11:14,平倉,,,,,,23904.66439920009,0.3321884542178597,72.58561820585075,0.0
2023-02-02 22:59,開倉,1.0,23624.68067249769,0.34260788589333213,23624.68067249769,0.34260788589333213,,,,
2023-02-03 01:29,平倉,,,,,,23812.98755,-0.34260788589333213,56.35690387893239,0.0
2023-02-03 02:29,開倉,-1.0,23992.09795,-0.3390345742447123,23992.09795,-0.3390345742447123,,,,
2023-02-03 04:59,平倉,,,,,,23879.04833562912,0.3390345742447123,30.231904890921484,0.0
2023-02-03 05:59,開倉,1.0,23485.630537435318,0.3476337466681946,23485.630537435318,0.3476337466681946,,,,
2023-02-03 08:29,平倉,,,,,,23550.11905,-0.3476337466681946,14.231567120086284,0.0
2023-02-03 16:14,開倉,1.0,23404.460814686234,0.3490987467839824,23404.460814686234,0.3490987467839824,,,,
2023-02-03 18:44,平倉,,,,,,23425.267300923093,-0.3490987467839824,-0.9142131875663297,0.0
2023-02-03 22:29,開倉,1.0,23327.644336651738,0.34985867403984583,23327.644336651738,0.34985867403984583,,,,
2023-02-04 00:59,平倉,,,,,,23508.174652150272,-0.34985867403984583,54.93555799141374,0.0
2023-02-04 13:29,開倉,1.0,23289.702691299735,0.35243800194690156,23289.702691299735,0.35243800194690156,,,,
2023-02-04 15:59,平倉,,,,,,23319.37244329886,-0.35243800194690156,2.2381150822597675,0.0
2023-02-04 21:14,開倉,-1.0,23484.270836986794,-0.3489146070968867,23484.270836986794,-0.3489146070968867,,,,
2023-02-04 23:44,平倉,,,,,,23417.54799067407,0.3489146070968867,15.109851149251824,0.0
2023-02-05 07:44,開倉,1.0,23309.70462974097,0.35217617170894616,23309.70462974097,0.35217617170894616,,,,
2023-02-05 10:14,平倉,,,,,,23327.229870070136,-0.35217617170894616,-2.0433224648106165,0.0
2023-02-05 20:44,開倉,1.0,23339.35525641535,0.3512892656572999,23339.35525641535,0.3512892656572999,,,,
2023-02-05 23:14,平倉,,,,,,23174.72722032974,-0.3512892656572999,-65.97309481015556,0.0
2023-02-06 01:44,開倉,1.0,22954.312301930742,0.3539490016653045,22954.312301930742,0.3539490016653045,,,,
2023-02-06 04:14,平倉,,,,,,22878.505220712097,-0.3539490016653045,-34.92966479896562,0.0
2023-02-06 13:29,開倉,1.0,22727.486329852858,0.35558618133164294,22727.486329852858,0.35558618133164294,,,,
2023-02-06 15:59,平倉,,,,,,22868.58686299179,-0.35558618133164294,42.041646287669366,0.0
2023-02-06 23:29,開倉,1.0,22791.044497865263,0.35608535283694953,22791.044497865263,0.35608535283694953,,,,
2023-02-07 01:59,平倉,,,,,,23037.313429505786,-0.35608535283694953,79.48950953503329,0.0
2023-02-07 07:14,開倉,1.0,22750.736736196333,0.3598550172623304,22750.736736196333,0.3598550172623304,,,,
2023-02-07 09:44,平倉,,,,,,22819.73486008235,-0.3598550172623304,16.61752498007411,0.0
2023-02-07 18:29,開倉,-1.0,23027.73311081141,-0.35553696011473956,23027.73311081141,-0.35553696011473956,,,,
2023-02-07 20:59,平倉,,,,,,23030.651278984064,0.35553696011473956,-9.225764386401972,0.0
2023-02-07 23:29,開倉,1.0,22908.0483,0.3569915579988826,22908.0483,0.3569915579988826,,,,
2023-02-08 01:59,平倉,,,,,,23274.082689353934,-0.3569915579988826,122.36253589636382,0.0
2023-02-08 01:59,開倉,-1.0,23274.082689353934,-0.3559295347858344,23274.08268935393,-0.3559295347858344,,,,
2023-02-08 04:29,平倉,,,,,,23201.460012119787,0.3559295347858344,17.59047085438451,0.0
2023-02-08 18:14,開倉,1.0,23179.48484532744,0.35814138009301166,23179.48484532744,0.35814138009301166,,,,
2023-02-08 20:44,平倉,,,,,,23165.265375049028,-0.35814138009301166,-13.389020821342552,0.0
2023-02-08 20:59,開倉,1.0,23133.307077992446,0.35791818548231136,23133.307077992446,0.35791818548231136,,,,
2023-02-08 23:29,平倉,,,,,,22944.525132762836,-0.35791818548231136,-75.7807540906748,0.0
2023-02-08 23:29,開倉,1.0,22967.481135897164,0.35684055336280107,22967.481135897164,0.35684055336280107,,,,
2023-02-09 01:59,平倉,,,,,,22992.751683994553,-0.35684055336280107,0.8128101326035164,0.0
2023-02-09 10:59,開倉,1.0,22817.12905237464,0.3588682015639694,22817.12905237464,0.3588682015639694,,,,
2023-02-09 13:29,平倉,,,,,,22566.750324587872,-0.3588682015639694,-97.95145285483964,0.0
2023-02-09 23:29,開倉,1.0,22636.774744776885,0.3570362515942493,22636.774744776885,0.3570362515942493,,,,
2023-02-10 01:59,平倉,,,,,,22523.389890120638,-0.3570362515942493,-48.524170193589896,0.0
2023-02-10 03:14,開倉,1.0,22443.411133207846,0.3575888947035954,22443.411133207846,0.3575888947035954,,,,
2023-02-10 04:14,平倉,,,,,,21972.559359408715,-0.3575888947035954,-176.22850857719885,0.0
2023-02-10 04:14,開倉,1.0,21911.163068360936,0.3578618079683453,21911.163068360936,0.3578618079683453,,,,
2023-02-10 06:44,平倉,,,,,,21819.449286095838,-0.3578618079683453,-40.629207507399165,0.0
2023-02-10 12:14,開倉,1.0,21782.21915790558,0.35775389838454213,21782.21915790558,0.35775389838454213,,,,
2023-02-10 14:44,平倉,,,,,,21843.597047515166,-0.35775389838454213,14.143547283955998,0.0
2023-02-10 19:59,開倉,1.0,21743.57703515991,0.35868191583645304,21743.57703515991,0.35868191583645304,,,,
2023-02-10 22:29,平倉,,,,,,21796.109144274702,-0.35868191583645304,11.024447354574505,0.0
2023-02-10 23:59,開倉,1.0,21665.70437164659,0.3601200665562252,21665.70437164659,0.3601200665562252,,,,
2023-02-11 02:29,平倉,,,,,,21699.82660926488,-0.3601200665562252,4.473559479359729,0.0
2023-02-11 05:44,開倉,1.0,21531.786438382707,0.36220517804476265,21531.786438382707,0.36220517804476265,,,,
2023-02-11 08:14,平倉,,,,,,21595.875709345564,-0.36220517804476265,15.391327793524571,0.0
2023-02-12 02:44,開倉,1.0,21653.27371806591,0.36052381000835165,21653.27371806591,0.36052381000835165,,,,
2023-02-12 05:14,平倉,,,,,,21666.6677577445,-0.36052381000835165,-2.9824793938784664,0.0
2023-02-12 05:59,開倉,-1.0,21812.920524529625,-0.35703309449868775,21812.920524529625,-0.35703309449868775,,,,
2023-02-12 08:29,平倉,,,,,,21858.524919649542,0.35703309449868775,-24.086495105644037,0.0
2023-02-12 16:44,開倉,-1.0,21833.59514064033,-0.3552358634737204,21833.59514064033,-0.3552358634737204,,,,
2023-02-12 19:14,平倉,,,,,,21880.879433300535,0.3552358634737204,-24.569949630945302,0.0
2023-02-12 22:44,開倉,-1.0,21935.92808305309,-0.352105738614609,21935.92808305309,-0.352105738614609,,,,
2023-02-13 01:14,平倉,,,,,,22034.47166368686,0.352105738614609,-42.45622416490701,0.0
2023-02-13 05:44,開倉,1.0,21804.55997199021,0.3522790058319237,21804.55997199021,0.3522790058319237,,,,
2023-02-13 08:14,平倉,,,,,,21750.739332088924,-0.3522790058319237,-26.622210345680312,0.0
2023-02-13 17:14,開倉,1.0,21664.796968441722,0.3529674462156082,21664.796968441722,0.3529674462156082,,,,
2023-02-13 19:44,平倉,,,,,,21618.610402492475,-0.3529674462156082,-23.933019937072388,0.0
2023-02-14 01:14,開倉,1.0,21505.532145066343,0.35411224560131577,21505.532145066343,0.35411224560131577,,,,
2023-02-14 03:44,平倉,,,,,,21545.822975391988,-0.35411224560131577,6.637836646611085,0.0
2023-02-14 07:29,開倉,-1.0,21793.802831118148,-0.3490342519074102,21793.802831118148,-0.3490342519074102,,,,
2023-02-14 09:59,平倉,,,,,,21717.33883133427,0.3490342519074102,19.108459849999914,0.0
2023-02-14 17:59,開倉,-1.0,21801.397425511354,-0.3494399668072088,21801.397425511354,-0.3494399668072088,,,,
2023-02-14 20:29,平倉,,,,,,21840.088680116532,0.3494399668072088,-21.152070588409426,0.0
2023-02-14 22:14,開倉,1.0,21654.054651387436,0.3508403885697454,21654.054651387436,0.3508403885697454,,,,
2023-02-15 00:44,平倉,,,,,,21969.102108212857,-0.3508403885697454,102.82372385036707,0.0
2023-02-15 10:44,開倉,1.0,22092.558646403726,0.3481892383461555,22092.558646403726,0.3481892383461555,,,,
2023-02-15 13:14,平倉,,,,,,22076.77777769573,-0.3481892383461555,-13.181625095431006,0.0
2023-02-15 18:44,開倉,-1.0,22205.051819200427,-0.34513943513664735,22205.051819200427,-0.34513943513664735,,,,
2023-02-15 20:14,平倉,,,,,,22671.813338681568,0.34513943513664735,-168.92274402648013,0.0
2023-02-15 20:14,開倉,-1.0,22659.664500000003,-0.3304259316055546,22659.664500000003,-0.3304259316055546,,,,
2023-02-15 22:44,平倉,,,,,,22741.91375507041,0.3304259316055546,-34.69180476951485,0.0
2023-02-16 02:44,開倉,-1.0,22933.6358092183,-0.3246403125203613,22933.6358092183,-0.3246403125203613,,,,
2023-02-16 04:14,平倉,,,,,,23415.71253593333,0.3246403125203613,-164.10322345511233,0.0
2023-02-16 04:14,開倉,-1.0,23617.885221234366,-0.3079750788967656,23617.885221234366,-0.3079750788967656,,,,
2023-02-16 04:59,平倉,,,,,,24114.345219731746,0.3079750788967656,-160.32392457790925,0.0
2023-02-16 04:59,開倉,-1.0,24132.190395226757,-0.294470004677653,24132.190395226757,-0.294470004677653,,,,
2023-02-16 07:29,平倉,,,,,,24300.396964308944,0.294470004677653,-56.68752719219255,0.0
2023-02-16 21:59,開倉,1.0,24453.772832738352,0.2882782300139932,24453.772832738352,0.2882782300139932,,,,
2023-02-17 00:29,平倉,,,,,,24820.126797565452,-0.2882782300139932,98.45677031704003,0.0
2023-02-17 06:44,開倉,1.0,24125.090714908903,0.29599653810133614,24125.090714908903,0.29599653810133614,,,,
2023-02-17 07:59,平倉,,,,,,23618.958127096874,-0.29599653810133614,-156.8046236518124,0.0
2023-02-17 07:59,開倉,1.0,23523.022749958196,0.29659945779025465,23523.022749958196,0.29659945779025465,,,,
2023-02-17 10:29,平倉,,,,,,23824.291545934622,-0.29659945779025465,82.2898895809697,0.0
2023-02-17 15:59,開倉,1.0,23648.651578260837,0.2982100861083725,23648.651578260837,0.2982100861083725,,,,
2023-02-17 18:29,平倉,,,,,,23725.055724726593,-0.2982100861083725,15.709436185993336,0.0
2023-02-17 22:44,開倉,-1.0,24202.592650000002,-0.2914510285998307,24202.592650000002,-0.2914510285998307,,,,
2023-02-18 01:14,平倉,,,,,,24361.57048463337,0.2914510285998307,-53.43445820452198,0.0
2023-02-18 01:14,開倉,-1.0,24337.22108884663,-0.28735460028620075,24337.22108884663,-0.28735460028620075,,,,
2023-02-18 03:44,平倉,,,,,,24498.745453361127,0.28735460028620075,-53.45459640881022,0.0
2023-02-18 04:14,開倉,-1.0,24947.103984221947,-0.2779077947325996,24947.103984221947,-0.2779077947325996,,,,
2023-02-18 06:44,平倉,,,,,,24594.58201929693,0.2779077947325996,91.13357581576159,0.0
2023-02-18 15:59,開倉,1.0,24532.55943738387,0.2863204638507464,24532.55943738387,0.2863204638507464,,,,
2023-02-18 18:29,平倉,,,,,,24524.754979084588,-0.2863204638507464,-9.25651534179125,0.0
2023-02-18 18:59,開倉,1.0,24469.93816647591,0.28638752253467964,24469.93816647591,0.28638752253467964,,,,
2023-02-18 21:29,平倉,,,,,,24596.899924816462,-0.28638752253467964,29.316018196295893,0.0
2023-02-19 02:14,開倉,-1.0,24805.56925815636,-0.2831290623233513,24805.56925815636,-0.2831290623233513,,,,
2023-02-19 04:44,平倉,,,,,,24618.62604920388,0.2831290623233513,45.958806949434134,0.0
2023-02-19 13:29,開倉,-1.0,24813.134987949084,-0.2846111033313149,24813.134987949084,-0.2846111033313149,,,,
2023-02-19 15:59,平倉,,,,,,24595.803793418698,0.2846111033313149,54.85463220864055,0.0
2023-02-19 15:59,開倉,1.0,24595.803793418698,0.28935731668279696,24595.803793418698,0.28935731668279696,,,,
2023-02-19 18:29,平倉,,,,,,24621.683,-0.28935731668279696,0.36387364915122067,0.0
2023-02-19 23:14,開倉,-1.0,24783.66391436733,-0.2866046225932546,24783.66391436733,-0.2866046225932546,,,,
2023-02-20 01:44,平倉,,,,,,24618.755900467062,0.2866046225932546,40.207549842920955,0.0
2023-02-20 01:59,開倉,1.0,24370.30875403459,0.293116528401275,24370.30875403459,0.293116528401275,,,,
2023-02-20 04:29,平倉,,,,,,24312.46311994367,-0.293116528401275,-24.081896234503276,0.0
2023-02-20 07:59,開倉,1.0,24292.437735323263,0.2927701009832128,24292.437735323263,0.2927701009832128,,,,
2023-02-20 10:29,平倉,,,,,,24277.055647416233,-0.2927701009832128,-11.611011463342937,0.0
2023-02-20 17:44,開倉,-1.0,24763.332019850106,-0.2861600833314999,24763.332019850106,-0.2861600833314999,,,,
2023-02-20 20:14,平倉,,,,,,24858.67477056237,0.2861600833314999,-34.39684993273099,0.0
2023-02-21 06:29,開倉,1.0,24707.547599999998,0.28541331668953906,24707.547599999998,0.28541331668953906,,,,
2023-02-21 08:59,平倉,,,,,,24846.371795691855,-0.28541331668953906,32.530788747260786,0.0
2023-02-21 10:44,開倉,-1.0,25063.44911990327,-0.28209529028486324,25063.44911990327,-0.28209529028486324,,,,
2023-02-21 13:14,平倉,,,,,,24896.442,0.28209529028486324,40.08875293570217,0.0
2023-02-21 16:44,開倉,1.0,24821.710774400668,0.2864584886482837,24821.710774400668,0.2864584886482837,,,,
2023-02-21 19:14,平倉,,,,,,24650.568550000004,-0.2864584886482837,-56.08650755687367,0.0
2023-02-21 23:29,開倉,1.0,24528.028829742132,0.28731054204383427,24528.028829742132,0.28731054204383427,,,,
2023-02-22 01:59,平倉,,,,,,24644.5112345728,-0.28731054204383427,26.385994989258407,0.0
2023-02-22 05:29,開倉,1.0,24241.026213368743,0.29151033868321397,24241.026213368743,0.29151033868321397,,,,
2023-02-22 07:59,平倉,,,,,,24437.240468349526,-0.29151033868321397,50.07477567851089,0.0
2023-02-22 10:14,開倉,1.0,24062.02085474841,0.29546726662963446,24062.02085474841,0.29546726662963446,,,,
2023-02-22 12:44,平倉,,,,,,24084.65105246892,-0.29546726662963446,-0.42974335043498524,0.0
2023-02-22 16:44,開倉,1.0,23883.83595,0.29735577207455904,23883.83595,0.29735577207455904,,,,
2023-02-22 19:14,平倉,,,,,,24144.13779814695,-0.29735577207455904,70.22285829212782,0.0
2023-02-22 23:14,開倉,1.0,23829.542142312825,0.3006834482369518,23829.542142312825,0.3006834482369518,,,,
2023-02-23 01:44,平倉,,,,,,23749.36656832404,-0.3006834482369518,-31.24850948453176,0.0
2023-02-23 07:14,開倉,-1.0,24181.380873134032,-0.2944245789327352,24181.380873134032,-0.2944245789327352,,,,
2023-02-23 09:44,平倉,,,,,,24166.486659387327,0.2944245789327352,-2.7299850480657097,0.0
2023-02-23 10:44,開倉,-1.0,24517.14452520509,-0.28999087643076266,24517.14452520509,-0.28999087643076266,,,,
2023-02-23 13:14,平倉,,,,,,24508.074291078945,0.28999087643076266,-4.47683279962699,0.0
2023-02-23 17:59,開倉,1.0,24298.205377523176,0.2924195037703838,24298.205377523176,0.2924195037703838,,,,
2023-02-23 19:44,平倉,,,,,,23788.44092887329,-0.2924195037703838,-156.02127120587534,0.0
2023-02-23 19:44,開倉,1.0,23802.74549975736,0.29164959375975763,23802.74549975736,0.29164959375975763,,,,
2023-02-23 22:14,平倉,,,,,,24084.17928072279,-0.29164959375975763,75.05590678558077,0.0
2023-02-24 14:14,開倉,1.0,23813.89724004096,0.29437470428977763,23813.89724004096,0.29437470428977763,,,,
2023-02-24 16:44,平倉,,,,,,23885.36118016246,-0.29437470428977763,14.005930106384866,0.0
2023-02-24 21:44,開倉,1.0,23781.792440933594,0.2950664124439592,23781.792440933594,0.2950664124439592,,,,
2023-02-25 00:14,平倉,,,,,,23282.86208277748,-0.2950664124439592,-154.08758142669697,0.0
2023-02-25 00:14,開倉,1.0,23105.878210302388,0.2967220190738158,23105.878210302388,0.2967220190738158,,,,
2023-02-25 02:44,平倉,,,,,,23114.76131350213,-0.2967220190738158,-4.22284633028276,0.0
2023-02-25 18:29,開倉,1.0,23018.74256185119,0.2973636986487169,23018.74256185119,0.2973636986487169,,,,
2023-02-25 20:59,平倉,,,,,,23001.8084358533,-0.2973636986487169,-11.875497172210583,0.0
2023-02-26 03:29,開倉,1.0,22952.542740091994,0.29740533360143545,22952.542740091994,0.29740533360143545,,,,
2023-02-26 05:59,平倉,,,,,,22924.350492259273,-0.29740533360143545,-15.202348977411477,0.0
2023-02-26 07:29,開倉,-1.0,23168.470658025813,-0.29338873464668475,23168.470658025813,-0.29338873464668475,,,,
2023-02-26 09:59,平倉,,,,,,23125.95026351349,0.29338873464668475,5.69011145733444,0.0
2023-02-26 17:59,開倉,-1.0,23265.827855195756,-0.29211346482712763,23265.827855195756,-0.29211346482712763,,,,
2023-02-26 20:29,平倉,,,,,,23248.062810043873,0.29211346482712763,-1.6016632858339657,0.0
2023-02-27 02:44,開倉,-1.0,23416.27033619582,-0.2898782668412441,23416.27033619582,-0.2898782668412441,,,,
2023-02-27 05:14,平倉,,,,,,23654.674231972785,0.2898782668412441,-75.96508408508608,0.0
2023-02-27 13:59,開倉,1.0,23401.717072990978,0.28681078294719003,23401.717072990978,0.28681078294719003,,,,
2023-02-27 16:29,平倉,,,,,,23338.23407450549,-0.28681078294719003,-24.901265686971733,0.0
2023-02-27 21:29,開倉,-1.0,23534.92487134977,-0.2835598158071342,23534.92487134977,-0.2835598158071342,,,,
2023-02-27 23:59,平倉,,,,,,23567.553692792444,0.2835598158071342,-15.935033782441753,0.0
2023-02-28 15:44,開倉,1.0,23317.752164507474,0.28551705648790165,23317.752164507474,0.28551705648790165,,,,
2023-02-28 18:14,平倉,,,,,,23274.63765212374,-0.28551705648790165,-18.955234700971804,0.0
2023-03-01 03:29,開倉,1.0,23242.30087873798,0.2853413842044906,23242.30087873798,0.2853413842044906,,,,
2023-03-01 05:59,平倉,,,,,,23127.33553308721,-0.2853413842044906,-39.40355679751107,0.0
2023-03-01 11:44,開倉,-1.0,23464.167062602446,-0.28039985745016993,23464.167062602446,-0.28039985745016993,,,,
2023-03-01 14:14,平倉,,,,,,23719.23091719429,0.28039985745016993,-78.17073743625303,0.0
2023-03-01 21:29,開倉,1.0,23653.27282150773,0.27485157455546494,23653.27282150773,0.27485157455546494,,,,
2023-03-01 23:59,平倉,,,,,,23700.444866981255,-0.27485157455546494,6.451206384045813,0.0
2023-03-02 00:14,開倉,1.0,23615.437098790575,0.2752898154425244,23615.437098790575,0.2752898154425244,,,,
2023-03-02 02:44,平倉,,,,,,23665.842738640284,-0.2752898154425244,7.361193811676564,0.0
2023-03-02 03:59,開倉,1.0,23366.800671424935,0.27825588733742157,23366.800671424935,0.27825588733742157,,,,
2023-03-02 06:29,平倉,,,,,,23461.0959336251,-0.27825588733742157,19.71002378830248,0.0
2023-03-02 20:44,開倉,1.0,23354.643882007906,0.27896655440134543,23354.643882007906,0.27896655440134543,,,,
2023-03-02 23:14,平倉,,,,,,23329.35075518709,-0.27896655440134543,-13.564045035834212,0.0
2023-03-03 09:29,開倉,1.0,22863.16506869955,0.2840846953754681,22863.16506869955,0.2840846953754681,,,,
2023-03-03 09:44,平倉,,,,,,22383.507062910445,-0.2840846953754681,-142.62231024440374,0.0
2023-03-03 09:44,開倉,1.0,22355.421244790115,0.28386328623167506,22355.421244790115,0.28386328623167506,,,,
2023-03-03 12:14,平倉,,,,,,22319.869729586393,-0.28386328623167506,-16.427561505947274,0.0
2023-03-04 05:14,開倉,1.0,22260.42819607215,0.2840510727096987,22260.42819607215,0.2840510727096987,,,,
2023-03-04 07:44,平倉,,,,,,22346.166770318483,-0.2840510727096987,18.0066813452125,0.0
2023-03-04 13:44,開倉,1.0,22326.068341523038,0.28373952080574566,22326.068341523038,0.28373952080574566,,,,
2023-03-04 16:14,平倉,,,,,,22334.55454985322,-0.28373952080574566,-3.9293231203217416,0.0
2023-03-04 23:59,開倉,1.0,22328.388776020467,0.28325011504563785,22328.388776020467,0.28325011504563785,,,,
2023-03-05 02:29,平倉,,,,,,22311.73228447433,-0.28325011504563785,-11.03775388314527,0.0
2023-03-05 03:29,開倉,1.0,22297.574708296273,0.28286250044655303,22297.574708296273,0.28286250044655303,,,,
2023-03-05 05:59,平倉,,,,,,22203.026288262532,-0.28286250044655303,-33.02460603739355,0.0
2023-03-05 09:29,開倉,-1.0,22545.65566442426,-0.2777267490219163,22545.65566442426,-0.2777267490219163,,,,
2023-03-05 11:59,平倉,,,,,,22396.39905892785,0.2777267490219163,35.23247271413058,0.0
2023-03-06 03:29,開倉,1.0,22399.33929993366,0.2811146194291277,22399.33929993366,0.2811146194291277,,,,
2023-03-06 05:59,平倉,,,,,,22477.5348879612,-0.2811146194291277,15.663159303664095,0.0
2023-03-06 10:14,開倉,1.0,22345.86771064023,0.2822066650162657,22345.86771064023,0.2822066650162657,,,,
2023-03-06 12:44,平倉,,,,,,22345.756446632957,-0.2822066650162657,-6.33752084849845,0.0
2023-03-06 23:59,開倉,-1.0,22543.72890491594,-0.2788896405255024,22543.72890491594,-0.2788896405255024,,,,
2023-03-07 02:29,平倉,,,,,,22536.368015621443,0.2788896405255024,-4.232283805336637,0.0
2023-03-07 15:59,開倉,1.0,22427.819677896106,0.28014216906755174,22427.819677896106,0.28014216906755174,,,,
2023-03-07 18:29,平倉,,,,,,22413.793359218926,-0.28014216906755174,-10.208412026941627,0.0
2023-03-07 19:59,開倉,1.0,22357.086612737956,0.280290474550356,22357.086612737956,0.280290474550356,,,,
2023-03-07 22:29,平倉,,,,,,22330.65556861907,-0.280290474550356,-13.667439945292838,0.0
2023-03-07 22:44,開倉,1.0,22318.77727856341,0.2798779903111735,22318.77727856341,0.2798779903111735,,,,
2023-03-08 01:14,平倉,,,,,,22240.062985070323,-0.2798779903111735,-28.254902404265007,0.0
2023-03-08 04:14,開倉,1.0,22078.417358823495,0.28136146456126115,22078.417358823495,0.28136146456126115,,,,
2023-03-08 06:44,平倉,,,,,,22103.934422140952,-0.28136146456126115,0.9603229447223782,0.0
2023-03-08 13:29,開倉,1.0,22053.681759994888,0.2814387906779058,22053.681759994888,0.2814387906779058,,,,
2023-03-08 15:59,平倉,,,,,,21960.489041120745,-0.2814387906779058,-32.40857957835324,0.0
2023-03-09 06:59,開倉,1.0,21814.748912744624,0.2827503034954196,21814.748912744624,0.2827503034954196,,,,
2023-03-09 09:29,平倉,,,,,,21726.04796288945,-0.2827503034954196,-31.22326714714555,0.0
2023-03-09 15:44,開倉,1.0,21700.788365787044,0.28251124718125675,21700.788365787044,0.28251124718125675,,,,
2023-03-09 18:14,平倉,,,,,,21685.533342903163,-0.28251124718125675,-10.436122611198101,0.0
2023-03-09 18:44,開倉,1.0,21613.803235077103,0.2828813419239153,21613.803235077103,0.2828813419239153,,,,
2023-03-09 21:14,平倉,,,,,,21591.807153321224,-0.2828813419239153,-12.330200506264976,0.0
2023-03-10 00:44,開倉,1.0,21551.373378518492,0.2828445311496219,21551.373378518492,0.2828445311496219,,,,
2023-03-10 02:44,平倉,,,,,,21099.236119932684,-0.2828445311496219,-133.85235446793575,0.0
2023-03-10 02:44,開倉,1.0,21087.04175311068,0.2824326973891846,21087.04175311068,0.2824326973891846,,,,
2023-03-10 04:29,平倉,,,,,,20644.645944617132,-0.2824326973891846,-130.77776454728468,0.0
2023-03-10 04:29,開倉,1.0,20643.41593987509,0.2818752622090378,20643.41593987509,0.2818752622090378,,,,
2023-03-10 04:59,平倉,,,,,,20210.327183675214,-0.2818752622090378,-127.77379798785476,0.0
2023-03-10 04:59,開倉,1.0,20202.40275380025,0.2814125075925016,20202.40275380025,0.2814125075925016,,,,
2023-03-10 07:29,平倉,,,,,,20343.515670531608,-0.2814125075925016,33.98601999297204,0.0
2023-03-10 18:44,開倉,1.0,19698.91810000161,0.2900425165948753,19698.91810000161,0.2900425165948753,,,,
2023-03-10 21:14,平倉,,,,,,19917.068414524758,-0.2900425165948753,57.496069574116135,0.0
2023-03-11 09:14,開倉,-1.0,20323.749623119296,-0.28339110020547614,20323.749623119296,-0.28339110020547614,,,,
2023-03-11 11:44,平倉,,,,,,20416.18037323227,0.28339110020547614,-31.97981578529669,0.0
2023-03-11 15:44,開倉,1.0,19952.02781567364,0.28706726026336243,19952.02781567364,0.28706726026336243,,,,
2023-03-11 18:14,平倉,,,,,,20072.08611183229,-0.28706726026336243,28.70276738225747,0.0
2023-03-12 04:44,開倉,-1.0,20386.53353512946,-0.28179449664958517,20386.53353512946,-0.28179449664958517,,,,
2023-03-12 07:14,平倉,,,,,,20389.919651253178,0.28179449664958517,-6.6999560335306,0.0
2023-03-12 19:44,開倉,-1.0,20472.73957702622,-0.2800003579291051,20472.73957702622,-0.2800003579291051,,,,
2023-03-12 22:14,平倉,,,,,,20380.377825524578,0.2800003579291051,20.15481039354134,0.0
2023-03-13 01:29,開倉,-1.0,20621.069433866785,-0.2786853345580958,20621.069433866785,-0.2786853345580958,,,,
2023-03-13 02:44,平倉,,,,,,21054.534835373077,0.2786853345580958,-126.6680405227012,0.0
2023-03-13 02:44,開倉,-1.0,21176.9023971274,-0.2651209750177027,21176.9023971274,-0.2651209750177027,,,,
2023-03-13 05:14,平倉,,,,,,21215.458521196575,0.2651209750177027,-15.846700254710452,0.0
2023-03-13 06:29,開倉,-1.0,21794.0975,-0.25662868584880305,21794.0975,-0.25662868584880305,,,,
2023-03-13 08:44,平倉,,,,,,22252.220550000002,0.25662868584880305,-123.27807439551023,0.0
2023-03-13 08:44,開倉,-1.0,22466.573698447628,-0.24321394283630998,22466.573698447628,-0.24321394283630998,,,,
2023-03-13 11:14,平倉,,,,,,22185.882722562448,0.24321394283630998,62.872042951347794,0.0
2023-03-13 17:44,開倉,1.0,21962.162530778656,0.2516640810674111,21962.162530778656,0.2516640810674111,,,,
2023-03-13 20:14,平倉,,,,,,22037.97928488661,-0.2516640810674111,13.534185946778198,0.0
2023-03-13 22:14,開倉,-1.0,22912.67807165914,-0.24133216570864985,22912.67807165914,-0.24133216570864985,,,,
2023-03-13 22:44,平倉,,,,,,23394.314256036883,0.24133216570864985,-121.8801039842099,0.0
2023-03-13 22:44,開倉,-1.0,23413.661302055476,-0.23072940990113353,23413.661302055476,-0.23072940990113353,,,,
2023-03-13 23:14,平倉,,,,,,23905.828409565416,0.23072940990113353,-119.07320397065304,0.0
2023-03-13 23:14,開倉,-1.0,24020.792277039312,-0.21971827608612063,24020.792277039312,-0.21971827608612063,,,,
2023-03-14 01:44,平倉,,,,,,24165.083898417357,0.21971827608612063,-37.013016878491904,0.0
2023-03-14 09:59,開倉,-1.0,24396.643664505726,-0.21460072388625828,24396.643664505726,-0.21460072388625828,,,,
2023-03-14 12:29,平倉,,,,,,24432.368848194405,0.21460072388625828,-12.909854321638637,0.0
2023-03-14 13:14,開倉,-1.0,24679.103015899866,-0.2114096719163602,24679.103015899866,-0.2114096719163602,,,,
2023-03-14 15:44,平倉,,,,,,24248.56021137519,0.2114096719163602,85.89453289178067,0.0
2023-03-14 18:59,開倉,-1.0,24564.517176350433,-0.21567848563847364,24564.517176350433,-0.21567848563847364,,,,
2023-03-14 20:44,平倉,,,,,,25080.87586156816,0.21567848563847364,-116.77686459834258,0.0
2023-03-14 20:44,開倉,-1.0,25402.553010149768,-0.20375999207462622,25402.553010149768,-0.20375999207462622,,,,
2023-03-14 21:14,平倉,,,,,,25936.527636206043,0.20375999207462622,-114.0874922388748,0.0
2023-03-14 21:14,開倉,-1.0,26218.052700677592,-0.19287550350419122,26218.052700677596,-0.19287550350419122,,,,
2023-03-14 23:44,平倉,,,,,,25871.163162182576,0.19287550350419122,61.9165807764183,0.0
2023-03-15 03:14,開倉,1.0,24693.391033774256,0.20729302220473023,24693.391033774256,0.20729302220473023,,,,
2023-03-15 05:44,平倉,,,,,,24463.557414753795,-0.20729302220473023,-52.71403024138516,0.0
2023-03-15 17:44,開倉,1.0,24583.688747232856,0.20586438404804902,24583.688747232856,0.20586438404804902,,,,
2023-03-15 20:14,平倉,,,,,,24631.662161553188,-0.20586438404804902,4.805235430769087,0.0
2023-03-16 00:14,開倉,1.0,24232.1264013966,0.20884053093005964,24232.1264013966,0.20884053093005964,,,,
2023-03-16 02:44,平倉,,,,,,24415.41111555599,-0.20884053093005964,33.17834959616326,0.0
2023-03-16 17:44,開倉,-1.0,24762.806785578618,-0.20529561558882503,24762.806785578618,-0.20529561558882503,,,,
2023-03-16 20:14,平倉,,,,,,24732.25995,0.20529561558882503,1.193706883064892,0.0
2023-03-17 09:29,開倉,-1.0,25357.03300774666,-0.20033130916441602,25357.03300774666,-0.20033130916441602,,,,
2023-03-17 11:59,平倉,,,,,,25784.73371256433,0.20033130916441602,-90.84733158776137,0.0
2023-03-17 18:14,開倉,-1.0,26322.44761814707,-0.1893413756817235,26322.447618147067,-0.1893413756817235,,,,
2023-03-17 19:59,平倉,,,,,,26875.758898244385,0.1893413756817235,-109.85341211612547,0.0
2023-03-17 19:59,開倉,-1.0,26900.043250000002,-0.18100894768787762,26900.043250000002,-0.18100894768787762,,,,
2023-03-17 22:29,平倉,,,,,,26413.008990913186,0.18100894768787762,83.3765677625342,0.0
2023-03-18 03:14,開倉,-1.0,26749.818400000004,-0.18495888880398412,26749.818400000004,-0.18495888880398412,,,,
2023-03-18 05:44,平倉,,,,,,27175.380899999996,0.18495888880398412,-83.73789537073316,0.0
2023-03-18 05:44,開倉,-1.0,27148.219100000002,-0.17897953084041127,27148.2191,-0.17897953084041127,,,,
2023-03-18 08:14,平倉,,,,,,27314.626145548857,0.17897953084041127,-34.672213913485145,0.0
2023-03-18 13:59,開倉,-1.0,27563.44299285567,-0.17484985801967612,27563.44299285567,-0.17484985801967612,,,,
2023-03-18 16:29,平倉,,,,,,27257.673403658984,0.17484985801967612,48.697768933198915,0.0
2023-03-18 23:44,開倉,1.0,27141.184399604655,0.17936528270771762,27141.184399604655,0.17936528270771762,,,,
2023-03-19 02:14,平倉,,,,,,27305.96023459769,-0.17936528270771762,24.657322949841397,0.0
2023-03-19 06:44,開倉,1.0,26949.715119247874,0.18137428253078888,26949.71511924787,0.18137428253078888,,,,
2023-03-19 09:14,平倉,,,,,,27043.02227680396,-0.18137428253078888,12.018609993803608,0.0
2023-03-19 14:59,開倉,1.0,26952.336972739482,0.18162133544025677,26952.33697273948,0.18162133544025677,,,,
2023-03-19 17:29,平倉,,,,,,26927.443511445785,-0.18162133544025677,-9.41178193443185,0.0
2023-03-19 20:14,開倉,-1.0,27310.842313806956,-0.17853447935379452,27310.84231380696,-0.17853447935379452,,,,
2023-03-19 22:44,平倉,,,,,,27315.94099578543,0.17853447935379452,-5.787127836158287,0.0
2023-03-19 23:14,開倉,-1.0,27436.543017534193,-0.17732807251911648,27436.54301753419,-0.17732807251911648,,,,
2023-03-20 01:44,平倉,,,,,,28005.072569025255,0.17732807251911648,-105.78233507549156,0.0
2023-03-20 02:59,開倉,-1.0,28282.731888945447,-0.16811236722087564,28282.731888945447,-0.16811236722087564,,,,
2023-03-20 05:29,平倉,,,,,,28114.688047094114,0.16811236722087564,23.523821289244616,0.0
2023-03-20 09:14,開倉,1.0,27762.08189499555,0.17211290607764,27762.08189499555,0.17211290607764,,,,
2023-03-20 11:44,平倉,,,,,,27249.019398827906,-0.17211290607764,-92.99458513135949,0.0
2023-03-20 11:44,開倉,1.0,27276.282049552094,0.17159196774276064,27276.282049552094,0.17159196774276064,,,,
2023-03-20 14:14,平倉,,,,,,27561.340524385785,-0.17159196774276064,44.18443996425568,0.0
2023-03-20 15:44,開倉,-1.0,28144.211117448715,-0.16753701622897407,28144.211117448715,-0.16753701622897407,,,,
2023-03-20 18:14,平倉,,,,,,28103.544749999997,0.16753701622897407,2.104737830356709,0.0
2023-03-20 21:59,開倉,1.0,27821.99854239757,0.1695529866025154,27821.99854239757,0.1695529866025154,,,,
2023-03-21 00:29,平倉,,,,,,27622.53214613935,-0.1695529866025154,-38.5036060353239,0.0
2023-03-21 00:29,開倉,1.0,27650.16849646065,0.16904274660303462,27650.16849646065,0.16904274660303462,,,,
2023-03-21 02:59,平倉,,,,,,27969.867996436802,-0.16904274660303462,49.31477825534352,0.0
2023-03-21 14:59,開倉,1.0,27650.99954285619,0.17065290741307393,27650.99954285619,0.17065290741307393,,,,
2023-03-21 17:29,平倉,,,,,,27637.632128211433,-0.17065290741307393,-6.9976304504159135,0.0
2023-03-22 00:44,開倉,-1.0,28319.233300000004,-0.1660460420672984,28319.233300000004,-0.1660460420672984,,,,
2023-03-22 03:14,平倉,,,,,,28119.95295,0.1660460420672984,28.42050648882055,0.0
2023-03-22 21:29,開倉,-1.0,28293.94595,-0.16703230305794337,28293.945949999998,-0.16703230305794337,,,,
2023-03-22 23:59,平倉,,,,,,28608.40681678095,0.16703230305794337,-57.30365087744495,0.0
2023-03-23 02:59,開倉,1.0,28028.10705,0.16657102974439647,28028.10705,0.16657102974439647,,,,
2023-03-23 03:14,平倉,,,,,,27440.091091000002,-0.16657102974439647,-102.51714802607617,0.0
2023-03-23 03:14,開倉,1.0,27434.1102,0.16626860533337648,27434.110199999996,0.16626860533337648,,,,
2023-03-23 03:59,平倉,,,,,,26858.556004000002,-0.16626860533337648,-100.16232811074524,0.0
2023-03-23 03:59,開倉,1.0,26665.38603,0.16713259336543046,26665.38603,0.16713259336543046,,,,
2023-03-23 06:29,平倉,,,,,,27139.323550000005,-0.16713259336543046,74.6745412836861,0.0
2023-03-23 20:44,開倉,1.0,27513.41659528095,0.16453456806113823,27513.416595280953,0.16453456806113823,,,,
2023-03-23 23:14,平倉,,,,,,28314.311437492335,-0.16453456806113823,127.11620392332695,0.0
2023-03-23 23:14,開倉,-1.0,28314.311437492335,-0.16404818746917124,28314.311437492335,-0.16404818746917124,,,,
2023-03-24 01:44,平倉,,,,,,28315.034727852853,0.16404818746917124,-4.763684597887825,0.0
2023-03-24 16:44,開倉,1.0,28074.640543219048,0.16527888926437606,28074.640543219044,0.16527888926437606,,,,
2023-03-24 19:14,平倉,,,,,,28032.639287740476,-0.16527888926437606,-11.575124337833675,0.0
2023-03-24 19:59,開倉,1.0,27654.2202,0.16720493272494005,27654.220199999996,0.16720493272494005,,,,
2023-03-24 22:29,平倉,,,,,,28082.293495836668,-0.16720493272494005,66.88046863698065,0.0
2023-03-25 01:29,開倉,1.0,27698.394418931428,0.1691870522206482,27698.394418931428,0.1691870522206482,,,,
2023-03-25 03:59,平倉,,,,,,27806.03217178857,-0.1691870522206482,13.506493496457246,0.0
2023-03-25 05:14,開倉,1.0,27413.84888392476,0.17126505719057786,27413.84888392476,0.17126505719057786,,,,
2023-03-25 07:44,平倉,,,,,,27408.452965596192,-0.17126505719057786,-5.618242525795645,0.0
2023-03-25 16:44,開倉,1.0,27418.935473568567,0.17085696006958587,27418.935473568567,0.17085696006958587,,,,
2023-03-25 19:14,平倉,,,,,,27440.42887440381,-0.17085696006958587,-1.0160911322196169,0.0
2023-03-26 00:29,開倉,-1.0,27685.781136903814,-0.1688352446613613,27685.781136903814,-0.1688352446613613,,,,
2023-03-26 02:59,平倉,,,,,,27455.162625712375,0.1688352446613613,34.30113366131576,0.0
2023-03-26 03:14,開倉,1.0,27319.892643571904,0.17235257761509798,27319.892643571904,0.17235257761509798,,,,
2023-03-26 05:44,平倉,,,,,,27355.20388916334,-0.17235257761509798,1.3712442949996069,0.0
2023-03-26 16:44,開倉,-1.0,27657.922454163334,-0.16995534944438354,27657.92245416333,-0.16995534944438354,,,,
2023-03-26 19:14,平倉,,,,,,27734.93649035619,0.16995534944438354,-17.802648256316303,0.0
2023-03-26 19:59,開倉,-1.0,27850.95041571143,-0.16796984653213456,27850.950415711435,-0.16796984653213456,,,,
2023-03-26 22:29,平倉,,,,,,27962.488542852854,0.16796984653213456,-23.43189700762542,0.0
2023-03-27 06:14,開倉,-1.0,27980.627461523047,-0.16618726337103154,27980.627461523043,-0.16618726337103154,,,,
2023-03-27 08:44,平倉,,,,,,27981.951419617948,0.16618726337103154,-4.870268902817613,0.0
2023-03-27 13:59,開倉,1.0,27729.0927457741,0.16751904741162454,27729.092745774098,0.16751904741162454,,,,
2023-03-27 16:29,平倉,,,,,,27781.996924354105,-0.16751904741162454,4.208443939856809,0.0
2023-03-27 21:59,開倉,1.0,27705.649748073072,0.16764502254878796,27705.649748073072,0.16764502254878796,,,,
2023-03-27 22:59,平倉,,,,,,27124.398785342386,-0.16764502254878796,-101.99110119948166,0.0
2023-03-27 22:59,開倉,1.0,26991.814547312308,0.1681259752065256,26991.814547312308,0.1681259752065256,,,,
2023-03-28 01:29,平倉,,,,,,26990.137154872824,-0.1681259752065256,-4.819756369813144,0.0
2023-03-28 09:14,開倉,1.0,26911.88393958111,0.16827743063710338,26911.883939581112,0.16827743063710338,,,,
2023-03-28 11:44,平倉,,,,,,26944.065116945556,-0.16827743063710338,0.8812877929671465,0.0
2023-03-28 17:59,開倉,1.0,26898.51123757161,0.1682254249840676,26898.51123757161,0.1682254249840676,,,,
2023-03-28 20:29,平倉,,,,,,26860.98970961846,-0.1682254249840676,-10.83077639536306,0.0
2023-03-29 02:59,開倉,-1.0,27332.488713972565,-0.16482738426900043,27332.488713972565,-0.16482738426900043,,,,
2023-03-29 05:29,平倉,,,,,,27274.833657087776,0.16482738426900043,5.007492728130287,0.0
2023-03-29 12:44,開倉,-1.0,27522.85271512718,-0.1637055855311997,27522.852715127185,-0.1637055855311997,,,,
2023-03-29 15:14,平倉,,,,,,27999.88707620457,0.1637055855311997,-82.67692730729263,0.0
2023-03-29 15:14,開倉,-1.0,27971.90118207543,-0.15796229615274676,27971.90118207543,-0.15796229615274676,,,,
2023-03-29 17:44,平倉,,,,,,28391.567975352857,0.15796229615274676,-70.77632755392574,0.0
2023-03-30 00:59,開倉,1.0,28166.113399640475,0.15435903286256522,28166.113399640475,0.15435903286256522,,,,
2023-03-30 03:29,平倉,,,,,,28346.478242144287,-0.15435903286256522,23.46540768478015,0.0
2023-03-30 10:29,開倉,-1.0,28800.653183932856,-0.15147075413693725,28800.653183932856,-0.15147075413693725,,,,
2023-03-30 12:59,平倉,,,,,,28604.023673924756,0.15147075413693725,25.450947129263263,0.0
2023-03-30 22:14,開倉,1.0,28285.526314359522,0.155129527459883,28285.52631435952,0.155129527459883,,,,
2023-03-31 00:44,平倉,,,,,,28258.053667019052,-0.155129527459883,-8.645477312299214,0.0
2023-03-31 01:29,開倉,1.0,28114.690319999998,0.15560834449761982,28114.690319999998,0.15560834449761982,,,,
2023-03-31 03:59,平倉,,,,,,27957.48529012718,-0.15560834449761982,-28.81283244752121,0.0
2023-03-31 15:14,開倉,1.0,27901.975297691024,0.1556046145018641,27901.975297691024,0.1556046145018641,,,,
2023-03-31 17:44,平倉,,,,,,27791.898381408977,-0.1556046145018641,-21.45302375753602,0.0
2023-03-31 21:29,開倉,-1.0,28265.468196,-0.15253788726462342,28265.468196000005,-0.15253788726462342,,,,
2023-03-31 23:59,平倉,,,,,,28504.62328428762,0.15253788726462342,-40.82824690903642,0.0
2023-04-01 06:29,開倉,-1.0,28554.218367740476,-0.1494153163083592,28554.218367740476,-0.1494153163083592,,,,
2023-04-01 08:59,平倉,,,,,,28451.12631106857,0.1494153163083592,11.152498219414872,0.0
2023-04-01 09:59,開倉,-1.0,28594.841141432855,-0.14944374636800334,28594.841141432855,-0.14944374636800334,,,,
2023-04-01 12:29,平倉,,,,,,28605.08563321905,0.14944374636800334,-5.80582639437087,0.0
2023-04-01 22:29,開倉,1.0,28380.671815715712,0.1503668231127571,28380.671815715712,0.1503668231127571,,,,
2023-04-02 00:59,平倉,,,,,,28312.859345711433,-0.1503668231127571,-14.454060395025532,0.0
2023-04-02 20:29,開倉,1.0,28315.836318928094,0.1500496216407034,28315.836318928094,0.1500496216407034,,,,
2023-04-02 22:59,平倉,,,,,,28261.711562436412,-0.1500496216407034,-12.362058359834244,0.0
2023-04-02 23:14,開倉,1.0,28123.534226923588,0.15048469184709676,28123.53422692359,0.15048469184709676,,,,
2023-04-03 01:44,平倉,,,,,,28181.045505381542,-0.15048469184709676,4.4137510676709075,0.0
2023-04-03 03:44,開倉,1.0,27957.224703458458,0.15138638069990673,27957.224703458458,0.15138638069990673,,,,
2023-04-03 06:14,平倉,,,,,,27884.547418336664,-0.15138638069990673,-15.223691864800465,0.0
2023-04-03 06:14,開倉,1.0,27912.445915003333,0.15093185714196344,27912.445915003336,0.15093185714196344,,,,
2023-04-03 08:44,平倉,,,,,,28081.93764820949,-0.15093185714196344,21.343243061625678,0.0
2023-04-03 09:44,開倉,1.0,27726.970916149483,0.15255962301339904,27726.970916149483,0.15255962301339904,,,,
2023-04-03 12:14,平倉,,,,,,27693.90022550872,-0.15255962301339904,-9.270223075121587,0.0
2023-04-03 16:14,開倉,-1.0,28114.162362951905,-0.14982821769419755,28114.162362951905,-0.14982821769419755,,,,
2023-04-03 18:44,平倉,,,,,,28371.61557556857,0.14982821769419755,-42.82462458079232,0.0
2023-04-03 22:59,開倉,1.0,28008.623466926925,0.14886303883838667,28008.623466926925,0.14886303883838667,,,,
2023-04-04 01:29,平倉,,,,,,27967.01308794513,-0.14886303883838667,-10.357502017951155,0.0
2023-04-04 04:14,開倉,1.0,27721.358367687688,0.14988134901475736,27721.358367687688,0.14988134901475736,,,,
2023-04-04 06:44,平倉,,,,,,27843.135570508723,-0.14988134901475736,14.07896471795178,0.0
2023-04-04 17:59,開倉,-1.0,28185.52609180762,-0.1476176398145903,28185.52609180762,-0.1476176398145903,,,,
2023-04-04 20:29,平倉,,,,,,28328.484306431426,0.1476176398145903,-25.284938227713997,0.0
2023-04-04 23:29,開倉,1.0,28018.251648571902,0.147596049561495,28018.251648571902,0.147596049561495,,,,
2023-04-05 01:59,平倉,,,,,,28211.272783451906,-0.147596049561495,24.325284574225854,0.0
2023-04-05 08:44,開倉,-1.0,28417.255692855717,-0.14608834130864803,28417.255692855713,-0.14608834130864803,,,,
2023-04-05 11:14,平倉,,,,,,28495.83150964714,0.14608834130864803,-15.641919501487024,0.0
2023-04-05 21:44,開倉,1.0,28402.373137143808,0.14561388899864536,28402.373137143808,0.14561388899864536,,,,
2023-04-06 00:14,平倉,,,,,,27889.863220645897,-0.14561388899864536,-78.68971353883035,0.0
2023-04-06 00:14,開倉,1.0,27917.767035774104,0.14517325464467945,27917.767035774104,0.14517325464467945,,,,
2023-04-06 02:44,平倉,,,,,,27984.81956487282,-0.14517325464467945,5.6715865445411415,0.0
2023-04-06 09:29,開倉,1.0,27973.11418268769,0.14494391147492802,27973.11418268769,0.14494391147492802,,,,
2023-04-06 11:59,平倉,,,,,,28116.508174049613,-0.14494391147492802,16.708769318235934,0.0
2023-04-06 15:59,開倉,1.0,27925.1556,0.14564621260783117,27925.1556,0.14564621260783117,,,,
2023-04-06 18:29,平倉,,,,,,27882.15385380762,-0.14564621260783117,-10.323971576599012,0.0
2023-04-06 18:44,開倉,1.0,27850.43802178095,0.1455199658312813,27850.43802178095,0.1455199658312813,,,,
2023-04-06 21:14,平倉,,,,,,27926.554737500002,-0.1455199658312813,7.0126305794396675,0.0
2023-04-07 06:14,開倉,1.0,27947.173984640474,0.14512222621338416,27947.173984640474,0.14512222621338416,,,,
2023-04-07 08:44,平倉,,,,,,28037.963529048095,-0.14512222621338416,9.106649115507624,0.0
2023-04-07 13:44,開倉,1.0,27977.624202140476,0.14514490201673771,27977.624202140476,0.14514490201673771,,,,
2023-04-07 16:14,平倉,,,,,,27862.327929718627,-0.14514490201673771,-20.77874102088155,0.0
2023-04-07 16:59,開倉,1.0,27839.200097096684,0.1449739051080731,27839.200097096684,0.1449739051080731,,,,
2023-04-07 19:29,平倉,,,,,,27890.788343932858,-0.1449739051080731,3.4355130987567,0.0
2023-04-08 04:59,開倉,1.0,27880.148107499997,0.14473943226287872,27880.148107499997,0.14473943226287872,,,,
2023-04-08 07:29,平倉,,,,,,27890.800242740475,-0.14473943226287872,-2.4951145853974355,0.0
2023-04-08 11:29,開倉,-1.0,28030.690024759526,-0.1435853437297768,28030.690024759526,-0.1435853437297768,,,,
2023-04-08 13:59,平倉,,,,,,28149.68376035619,0.1435853437297768,-21.12763844595257,0.0
2023-04-08 13:59,開倉,-1.0,28121.548144403812,-0.1422274614170937,28121.548144403812,-0.1422274614170937,,,,
2023-04-08 16:29,平倉,,,,,,28113.307247859524,0.1422274614170937,-2.826402526606821,0.0
2023-04-09 01:59,開倉,1.0,27949.574470003332,0.1430014111041027,27949.574470003332,0.1430014111041027,,,,
2023-04-09 04:29,平倉,,,,,,27940.18482380762,-0.1430014111041027,-5.338218512069007,0.0
2023-04-09 09:14,開倉,-1.0,28037.88285511524,-0.14207575510616907,28037.88285511524,-0.14207575510616907,,,,
2023-04-09 11:44,平倉,,,,,,28060.86064083111,0.14207575510616907,-7.251354220724991,0.0
2023-04-09 14:44,開倉,1.0,27933.924341149483,0.14234478302283984,27933.924341149483,0.14234478302283984,,,,
2023-04-09 17:14,平倉,,,,,,27896.435061281794,-0.14234478302283984,-9.30731540435751,0.0
2023-04-09 22:29,開倉,1.0,27859.320904232565,0.14224891580647586,27859.320904232565,0.14224891580647586,,,,
2023-04-10 00:59,平倉,,,,,,27882.94206756359,-0.14224891580647586,-0.6062334046799736,0.0
2023-04-10 02:59,開倉,-1.0,28016.60340859103,-0.14114595732228163,28016.60340859103,-0.14114595732228163,,,,
2023-04-10 05:29,平倉,,,,,,28319.411860385382,0.14114595732228163,-46.73735931163006,0.0
2023-04-10 05:29,開倉,-1.0,28291.106601154617,-0.13798554861544776,28291.106601154617,-0.13798554861544776,,,,
2023-04-10 07:59,平倉,,,,,,28336.282855767433,0.13798554861544776,-10.143667812716101,0.0
2023-04-10 13:14,開倉,1.0,28232.275493465128,0.13791361335821087,28232.275493465128,0.13791361335821087,,,,
2023-04-10 15:44,平倉,,,,,,28259.057761790515,-0.13791361335821087,-0.20366936734362762,0.0
2023-04-10 21:44,開倉,1.0,28245.353054617946,0.13770462652638396,28245.353054617946,0.13770462652638396,,,,
2023-04-11 00:14,平倉,,,,,,28392.636580000002,-0.13770462652638396,16.37182543987694,0.0
2023-04-11 00:44,開倉,-1.0,28546.202835381544,-0.1365542139686823,28546.202835381544,-0.1365542139686823,,,,
2023-04-11 01:14,平倉,,,,,,29146.25858482763,0.1365542139686823,-85.92018563417774,0.0
2023-04-11 01:14,開倉,-1.0,29127.758578718203,-0.13074575920096404,29127.758578718203,-0.13074575920096404,,,,
2023-04-11 03:44,平倉,,,,,,29147.157321152816,0.13074575920096404,-6.347170519661413,0.0
2023-04-11 07:14,開倉,-1.0,29731.71619243641,-0.12774844415086262,29731.71619243641,-0.12774844415086262,,,,
2023-04-11 09:44,平倉,,,,,,29921.157204611278,0.12774844415086262,-28.023175843786223,0.0
2023-04-11 09:59,開倉,-1.0,30182.106379279117,-0.12478834288561601,30182.106379279117,-0.12478834288561601,,,,
2023-04-11 12:29,平倉,,,,,,30123.927769996662,0.12478834288561601,3.5008972161234033,0.0
2023-04-11 21:29,開倉,-1.0,30153.814122144286,-0.12489662765470991,30153.814122144286,-0.12489662765470991,,,,
2023-04-11 23:59,平倉,,,,,,30208.738725712377,0.12489662765470991,-10.632867353470214,0.0
2023-04-12 03:29,開倉,-1.0,30406.599808932857,-0.12338498683831395,30406.599808932857,-0.12338498683831395,,,,
2023-04-12 05:59,平倉,,,,,,30205.61764214047,0.12338498683831395,21.071262269195735,0.0
2023-04-12 10:14,開倉,1.0,30062.75600893143,0.12549746653104316,30062.75600893143,0.12549746653104316,,,,
2023-04-12 12:44,平倉,,,,,,29938.95317778857,-0.12549746653104316,-19.294204432203077,0.0
2023-04-12 20:44,開倉,-1.0,30277.367076663337,-0.12372189832992186,30277.36707666334,-0.12372189832992186,,,,
2023-04-12 23:14,平倉,,,,,,29817.10725692692,0.12372189832992186,53.25518951024369,0.0
2023-04-12 23:14,開倉,1.0,29817.10725692692,0.12741863643784582,29817.10725692692,0.12741863643784582,,,,
2023-04-13 01:44,平倉,,,,,,30023.041445951905,-0.12741863643784582,22.414358558737092,0.0
2023-04-13 16:59,開倉,-1.0,30178.062576471973,-0.1263853031956761,30178.062576471973,-0.1263853031956761,,,,
2023-04-13 19:29,平倉,,,,,,30218.2265625,0.1263853031956761,-8.89527727783623,0.0
2023-04-13 22:44,開倉,-1.0,30367.482948567147,-0.12517865273285256,30367.482948567147,-0.12517865273285256,,,,
2023-04-14 01:14,平倉,,,,,,30393.983921071904,0.12517865273285256,-7.122033992679571,0.0
2023-04-14 08:44,開倉,-1.0,30711.901367500002,-0.12341934236292075,30711.901367500002,-0.12341934236292075,,,,
2023-04-14 11:14,平倉,,,,,,30635.83026,0.12341934236292075,5.607592037038222,0.0
2023-04-14 15:29,開倉,-1.0,30926.160136903814,-0.12262301215207583,30926.160136903814,-0.12262301215207583,,,,
2023-04-14 17:59,平倉,,,,,,30809.942510719047,0.12262301215207583,10.472947433043448,0.0
2023-04-14 20:59,開倉,1.0,30633.873567852854,0.12413503916561455,30633.873567852854,0.12413503916561455,,,,
2023-04-14 23:29,平倉,,,,,,30219.717344519053,-0.12413503916561455,-55.16262480036006,0.0
2023-04-14 23:29,開倉,1.0,30249.95217928095,0.12376027004524143,30249.95217928095,0.12376027004524143,,,,
2023-04-15 01:59,平倉,,,,,,30259.875826663338,-0.12376027004524143,-2.5168171239652892,0.0
2023-04-15 21:44,開倉,1.0,30372.581521920252,0.12305435934748749,30372.581521920252,0.12305435934748749,,,,
2023-04-16 00:14,平倉,,,,,,30262.721838845388,-0.12305435934748749,-17.242672766885832,0.0
2023-04-16 00:14,開倉,1.0,30292.99969961461,0.12268471119923645,30292.99969961461,0.12268471119923645,,,,
2023-04-16 02:44,平倉,,,,,,30278.47729050872,-0.12268471119923645,-5.496383809012188,0.0
2023-04-16 09:14,開倉,1.0,30188.21964345846,0.12280520299396752,30188.21964345846,0.12280520299396752,,,,
2023-04-16 11:44,平倉,,,,,,30222.208003336666,-0.12280520299396752,0.46250304549957777,0.0
2023-04-16 19:44,開倉,1.0,30262.300511541536,0.12239730585416665,30262.300511541536,0.12239730585416665,,,,
2023-04-16 22:14,平倉,,,,,,30239.147734354105,-0.12239730585416665,-6.535027764794513,0.0
2023-04-17 02:59,開倉,-1.0,30436.248236143438,-0.12123990833812098,30436.248236143438,-0.12123990833812098,,,,
2023-04-17 05:29,平倉,,,,,,30325.795319999997,0.12123990833812098,9.71460478403144,0.0
2023-04-17 08:29,開倉,1.0,30069.309192305638,0.12304264742678117,30069.309192305638,0.12304264742678117,,,,
2023-04-17 10:59,平倉,,,,,,30003.971535127184,-0.12304264742678117,-11.731086406900223,0.0
2023-04-17 15:59,開倉,1.0,29853.97055115282,0.12341302453352676,29853.97055115282,0.12341302453352676,,,,
2023-04-17 18:29,平倉,,,,,,29828.847602436414,-0.12341302453352676,-6.781767387258604,0.0
2023-04-17 19:29,開倉,1.0,29779.022839614616,0.12337199412432934,29779.022839614616,0.12337199412432934,,,,
2023-04-17 21:59,平倉,,,,,,29387.130366408976,-0.12337199412432934,-51.97410477659065,0.0
2023-04-18 08:29,開倉,1.0,29412.63444392809,0.12301589684142196,29412.63444392809,0.12301589684142196,,,,
2023-04-18 10:59,平倉,,,,,,29448.75420940381,-0.12301589684142196,0.8206404337650866,0.0
2023-04-18 14:29,開倉,-1.0,29691.461604519052,-0.12164470233627252,29691.461604519052,-0.12164470233627252,,,,
2023-04-18 16:59,平倉,,,,,,29718.64475356857,0.12164470233627252,-6.921801769576293,0.0
2023-04-18 19:44,開倉,-1.0,30299.67104730923,-0.11885543771134108,30299.67104730923,-0.11885543771134108,,,,
2023-04-18 22:14,平倉,,,,,,30314.489413461793,0.11885543771134108,-5.36428530346247,0.0
2023-04-19 04:59,開倉,-1.0,30394.352400900254,-0.11819036425812676,30394.352400900254,-0.11819036425812676,,,,
2023-04-19 07:29,平倉,,,,,,30347.27682461461,0.11819036425812676,1.977123806717906,0.0
2023-04-19 14:29,開倉,1.0,30129.035044587778,0.11929680753466684,30129.035044587778,0.11929680753466684,,,,
2023-04-19 16:14,平倉,,,,,,29496.942645201576,-0.11929680753466684,-78.92549640330718,0.0
2023-04-19 16:14,開倉,1.0,29481.48004000333,0.1191167009308583,29481.48004000333,0.1191167009308583,,,,
2023-04-19 18:44,平倉,,,,,,29144.41713174497,-0.1191167009308583,-43.621408457182866,0.0
2023-04-20 05:29,開倉,1.0,29094.166241784285,0.11908160214874107,29094.166241784285,0.11908160214874107,,,,
2023-04-20 07:59,平倉,,,,,,28798.049486432858,-0.11908160214874107,-38.69137552193798,0.0
2023-04-20 07:59,開倉,1.0,28826.861942147145,0.11872270046920194,28826.861942147145,0.11872270046920194,,,,
2023-04-20 10:29,平倉,,,,,,28868.345749288572,-0.11872270046920194,1.497741644139626,0.0
2023-04-20 19:14,開倉,1.0,28790.487573571903,0.11880581263174136,28790.487573571903,0.11880581263174136,,,,
2023-04-20 21:44,平倉,,,,,,28739.776494644288,-0.11880581263174136,-9.439223442728599,0.0
2023-04-20 23:44,開倉,1.0,28571.160107503332,0.11926751062453458,28571.160107503332,0.11926751062453458,,,,
2023-04-21 02:14,平倉,,,,,,28498.645215836666,-0.11926751062453458,-12.047633083355677,0.0
2023-04-21 02:29,開倉,1.0,28363.162351068568,0.11959696622834408,28363.162351068568,0.11959696622834408,,,,
2023-04-21 04:59,平倉,,,,,,28190.629776788574,-0.11959696622834408,-24.00588625682406,0.0
2023-04-21 14:44,開倉,1.0,28041.7588725,0.1199902064519088,28041.7588725,0.1199902064519088,,,,
2023-04-21 17:14,平倉,,,,,,28015.869343567145,-0.1199902064519088,-6.468119868060126,0.0
2023-04-22 01:29,開倉,1.0,27900.469691784285,0.12024523962194167,27900.469691784285,0.12024523962194167,,,,
2023-04-22 03:59,平倉,,,,,,27315.131502048604,-0.12024523962194167,-73.66864541740922,0.0
2023-04-22 03:59,開倉,1.0,27297.52449525699,0.12007816343821769,27297.52449525699,0.12007816343821769,,,,
2023-04-22 06:29,平倉,,,,,,27245.403816663336,-0.12007816343821769,-9.530133415116895,0.0
2023-04-22 16:59,開倉,1.0,27225.666506428093,0.11992441885752937,27225.666506428093,0.11992441885752937,,,,
2023-04-22 19:29,平倉,,,,,,27240.10837048095,-0.11992441885752937,-1.5348220121877845,0.0
2023-04-22 22:59,開倉,-1.0,27465.36045,-0.11858433115629877,27465.36045,-0.11858433115629877,,,,
2023-04-23 01:29,平倉,,,,,,27724.362158212378,0.11858433115629877,-34.00121927997028,0.0
2023-04-23 01:29,開倉,-1.0,27696.651651307624,-0.11624949787709589,27696.651651307624,-0.11624949787709589,,,,
2023-04-23 03:59,平倉,,,,,,27635.17163285619,0.11624949787709589,3.934446448387033,0.0
2023-04-23 06:14,開倉,-1.0,27782.194334759526,-0.11591727333614056,27782.194334759526,-0.11591727333614056,,,,
2023-04-23 08:44,平倉,,,,,,27519.5529,0.11591727333614056,27.254687446818576,0.0
2023-04-23 23:29,開倉,1.0,27418.995265359525,0.11844724792958472,27418.995265359525,0.11844724792958472,,,,
2023-04-24 01:59,平倉,,,,,,27499.140218336666,-0.11844724792958472,6.23575163629667,0.0
2023-04-24 08:59,開倉,-1.0,27790.87171550872,-0.11685293772044746,27790.87171550872,-0.11685293772044746,,,,
2023-04-24 11:29,平倉,,,,,,27741.752918847178,0.11685293772044746,2.4979703611125688,0.0
2023-04-24 15:14,開倉,1.0,27451.800835767433,0.11838728691683628,27451.800835767433,0.11838728691683628,,,,
2023-04-24 17:44,平倉,,,,,,27337.300153209486,-0.11838728691683628,-16.791813954931015,0.0
2023-04-25 00:59,開倉,1.0,27130.3133775,0.11905105547179368,27130.3133775,0.11905105547179368,,,,
2023-04-25 03:29,平倉,,,,,,27330.055279288572,-0.11905105547179368,20.525812302771218,0.0
2023-04-25 15:44,開倉,1.0,27279.021027496663,0.119036420237318,27279.021027496663,0.119036420237318,,,,
2023-04-25 18:14,平倉,,,,,,27310.036246192383,-0.119036420237318,0.4410516551179344,0.0
2023-04-26 01:44,開倉,-1.0,27542.42808738476,-0.11767832102173273,27542.42808738476,-0.11767832102173273,,,,
2023-04-26 04:14,平倉,,,,,,27864.095799647144,0.11767832102173273,-41.13231631643038,0.0
2023-04-26 04:14,開倉,-1.0,27836.24562893286,-0.11484290879310995,27836.24562893286,-0.11484290879310995,,,,
2023-04-26 06:44,平倉,,,,,,28277.38567464381,0.11484290879310995,-53.90926325851194,0.0
2023-04-26 16:29,開倉,-1.0,28641.72887630762,-0.10962040475343754,28641.72887630762,-0.10962040475343754,,,,
2023-04-26 18:59,平倉,,,,,,29014.242490359524,0.10962040475343754,-44.015646153942974,0.0
2023-04-26 20:29,開倉,-1.0,29736.792499163337,-0.10399864497698949,29736.792499163337,-0.10399864497698949,,,,
2023-04-26 22:59,平倉,,,,,,29715.92458464381,0.10399864497698949,-0.9201810575148706,0.0
2023-04-27 03:29,開倉,1.0,29087.1363,0.10628978575317441,29087.1363,0.10628978575317441,,,,
2023-04-27 03:44,平倉,,,,,,28476.902426,-0.10628978575317441,-67.88843158456298,0.0
2023-04-27 03:44,開倉,1.0,28282.858311834927,0.10680143658315452,28282.858311834927,0.10680143658315452,,,,
2023-04-27 04:29,平倉,,,,,,27689.49779612737,-0.10680143658315452,-66.32903363218112,0.0
2023-04-27 04:29,開倉,1.0,27544.284147454004,0.10714620587742697,27544.284147454007,0.10714620587742697,,,,
2023-04-27 06:59,平倉,,,,,,28280.46909064058,-0.10714620587742697,75.84927852303454,0.0
2023-04-27 20:44,開倉,1.0,28775.81038952734,0.10509521577538605,28775.81038952734,0.10509521577538605,,,,
2023-04-27 23:14,平倉,,,,,,28989.398050000003,-0.10509521577538605,19.400394221070982,0.0
2023-04-28 02:29,開倉,-1.0,29600.9921,-0.10261633492558733,29600.9921,-0.10261633492558733,,,,
2023-04-28 04:59,平倉,,,,,,29626.0056,0.10261633492558733,-5.6069058068182,0.0
2023-04-28 16:44,開倉,1.0,29217.704170359524,0.10377049453595041,29217.704170359524,0.10377049453595041,,,,
2023-04-28 19:14,平倉,,,,,,29273.755800000003,-0.10377049453595041,2.7787532110477424,0.0
2023-04-28 21:44,開倉,1.0,28956.97125,0.10469611188954,28956.97125,0.10469611188954,,,,
2023-04-29 00:14,平倉,,,,,,29226.279550000003,-0.10469611188954,25.135654075700476,0.0
2023-04-29 17:14,開倉,1.0,29283.817924996663,0.10428275894739421,29283.817924996663,0.10428275894739421,,,,
2023-04-29 19:44,平倉,,,,,,29273.300313567146,-0.10428275894739421,-4.14950605760111,0.0
2023-04-30 01:44,開倉,1.0,29166.31182035619,0.10445579953549224,29166.31182035619,0.10445579953549224,,,,
2023-04-30 04:14,平倉,,,,,,29219.57433285572,-0.10445579953549224,2.5114243293821947,0.0
2023-04-30 08:59,開倉,1.0,29150.913410719048,0.10449260865707086,29150.913410719048,0.10449260865707086,,,,
2023-04-30 11:29,平倉,,,,,,29146.598934048096,-0.10449260865707086,-3.4964350784379343,0.0
2023-04-30 19:44,開倉,1.0,29199.65348285619,0.10409401698881457,29199.653482856193,0.10409401698881457,,,,
2023-04-30 22:14,平倉,,,,,,29265.503261663336,-0.10409401698881457,3.808204200154695,0.0
2023-04-30 22:44,開倉,-1.0,29345.449697019052,-0.10349950596997724,29345.449697019052,-0.10349950596997724,,,,
2023-05-01 01:14,平倉,,,,,,29729.413945003333,0.10349950596997724,-42.81708963259166,0.0
2023-05-01 09:44,開倉,1.0,28694.27234714047,0.10435535748962729,28694.27234714047,0.10435535748962729,,,,
2023-05-01 12:14,平倉,,,,,,28550.747485,-0.10435535748962729,-17.957011757711648,0.0
2023-05-01 21:59,開倉,1.0,28472.64516035619,0.10443143387035306,28472.64516035619,0.10443143387035306,,,,
2023-05-02 00:29,平倉,,,,,,28104.973816663336,-0.10443143387035306,-41.331488329447104,0.0
2023-05-02 00:29,開倉,1.0,28133.092849996665,0.10411624828603741,28133.092849996665,0.10411624828603741,,,,
2023-05-02 02:59,平倉,,,,,,28161.571218096193,-0.10411624828603741,0.032983702763382805,0.0
2023-05-02 03:59,開倉,1.0,27853.842342140473,0.10505604461455698,27853.842342140473,0.10505604461455698,,,,
2023-05-02 06:29,平倉,,,,,,27959.39854548095,-0.10505604461455698,8.152013386490335,0.0
2023-05-02 22:29,開倉,-1.0,28470.943835355716,-0.10285970688480003,28470.943835355716,-0.10285970688480003,,,,
2023-05-03 00:59,平倉,,,,,,28479.151177308973,0.10285970688480003,-3.773561930041259,0.0
2023-05-03 08:59,開倉,1.0,28516.85283922923,0.10256172047275722,28516.85283922923,0.10256172047275722,,,,
2023-05-03 11:29,平倉,,,,,,28500.9126712818,-0.10256172047275722,-4.55795368792344,0.0
2023-05-03 20:44,開倉,1.0,28333.302430579573,0.10296191431564566,28333.302430579573,0.10296191431564566,,,,
2023-05-03 23:14,平倉,,,,,,28246.53072323312,-0.10296191431564566,-11.842497972867442,0.0
2023-05-04 01:44,開倉,-1.0,28705.893630181472,-0.10101002017829304,28705.893630181472,-0.10101002017829304,,,,
2023-05-04 04:14,平倉,,,,,,28440.607562272544,0.10101002017829304,23.92376472875278,0.0
2023-05-04 05:29,開倉,-1.0,28830.178953842766,-0.10130344904343003,28830.178953842766,-0.10130344904343003,,,,
2023-05-04 07:59,平倉,,,,,,29037.22651861051,0.10130344904343003,-23.91620362400612,0.0
2023-05-04 13:59,開倉,-1.0,29187.788036154616,-0.09914328482825134,29187.788036154616,-0.09914328482825134,,,,
2023-05-04 16:29,平倉,,,,,,29092.624683850514,0.09914328482825134,6.5504689672643925,0.0
2023-05-04 18:44,開倉,-1.0,29260.814325254363,-0.09902075923126293,29260.81432525436,-0.09902075923126293,,,,
2023-05-04 21:14,平倉,,,,,,29082.100963079745,0.09902075923126293,14.816601089897574,0.0
2023-05-04 21:29,開倉,1.0,28893.489524999997,0.10079267365082524,28893.489524999997,0.10079267365082524,,,,
2023-05-04 23:59,平倉,,,,,,28852.92324461846,-0.10079267365082524,-6.996947136191147,0.0
2023-05-05 09:44,開倉,-1.0,29308.760596536158,-0.09892731593060322,29308.760596536158,-0.09892731593060322,,,,
2023-05-05 12:14,平倉,,,,,,29241.00627345846,0.09892731593060322,3.810019059028349,0.0
2023-05-05 20:44,開倉,1.0,28966.17585,0.10022893456478577,28966.17585,0.10022893456478577,,,,
2023-05-05 23:14,平倉,,,,,,29160.412500000002,-0.10022893456478577,16.54541540658879,0.0
2023-05-06 00:14,開倉,-1.0,29495.92324854608,-0.09879272015464104,29495.92324854608,-0.09879272015464104,,,,
2023-05-06 02:44,平倉,,,,,,29458.822049999995,0.09879272015464104,0.7550111624942679,0.0
2023-05-06 08:44,開倉,-1.0,29680.152812343753,-0.09810679270297895,29680.152812343753,-0.09810679270297895,,,,
2023-05-06 11:14,平倉,,,,,,29430.859012968747,0.09810679270297895,21.570047913165773,0.0
2023-05-06 11:29,開倉,1.0,29385.41567765625,0.09982521483435261,29385.41567765625,0.09982521483435261,,,,
2023-05-06 13:59,平倉,,,,,,29331.0377696875,-0.09982521483435261,-8.356263491896522,0.0
2023-05-06 18:29,開倉,1.0,29223.984064687498,0.09999013525299283,29223.984064687498,0.09999013525299283,,,,
2023-05-06 20:59,平倉,,,,,,29070.0577,-0.09999013525299283,-18.297837025339625,0.0
2023-05-06 20:59,開倉,1.0,29099.142299999996,0.0996895211630083,29099.142299999996,0.0996895211630083,,,,
2023-05-06 23:29,平倉,,,,,,28553.3162,-0.0996895211630083,-57.259608966865734,0.0
2023-05-07 19:29,開倉,1.0,28777.655922852853,0.09871161852039956,28777.655922852853,0.09871161852039956,,,,
2023-05-07 21:59,平倉,,,,,,28904.300382019053,-0.09871161852039956,9.648089268027373,0.0
2023-05-07 22:59,開倉,-1.0,29027.118466067146,-0.09799986601870994,29027.118466067146,-0.09799986601870994,,,,
2023-05-08 01:29,平倉,,,,,,28934.273954643806,0.09799986601870994,6.2631947091561635,0.0
2023-05-08 03:14,開倉,1.0,28837.922469647146,0.09886010514809165,28837.922469647146,0.09886010514809165,,,,
2023-05-08 05:44,平倉,,,,,,28803.93083,-0.09886010514809165,-6.2079767002049895,0.0
2023-05-08 05:44,開倉,1.0,28832.74917,0.09856349821690105,28832.749169999996,0.09856349821690105,,,,
2023-05-08 08:14,平倉,,,,,,28543.42704449128,-0.09856349821690105,-31.329940822292265,0.0
2023-05-08 08:14,開倉,1.0,28571.984750388718,0.09826645795143905,28571.984750388718,0.09826645795143905,,,,
2023-05-08 10:44,平倉,,,,,,28222.538338336664,-0.09826645795143905,-37.112190033101385,0.0
2023-05-08 15:59,開倉,1.0,27991.160380767433,0.09887864178238463,27991.160380767433,0.09887864178238463,,,,
2023-05-08 18:29,平倉,,,,,,27918.387412945132,-0.09887864178238463,-9.956224444888685,0.0
2023-05-09 01:44,開倉,1.0,27779.416613073074,0.09917406273842469,27779.41661307307,0.09917406273842469,,,,
2023-05-09 04:14,平倉,,,,,,27391.75880769077,-0.09917406273842469,-41.162151518533925,0.0
2023-05-09 14:14,開倉,1.0,27495.20601958347,0.09860113419014485,27495.206019583467,0.09860113419014485,,,,
2023-05-09 16:44,平倉,,,,,,27645.190759974947,-0.09860113419014485,12.062818349977832,0.0
2023-05-09 22:14,開倉,1.0,27479.815183931427,0.09899684244037227,27479.815183931427,0.09899684244037227,,,,
2023-05-10 00:44,平倉,,,,,,27465.46753928857,-0.09899684244037227,-4.139366078637538,0.0
2023-05-10 15:29,開倉,1.0,27556.834150359526,0.09847109825261291,27556.834150359526,0.09847109825261291,,,,
2023-05-10 17:59,平倉,,,,,,27564.557493336666,-0.09847109825261291,-1.9537861840755306,0.0
2023-05-10 20:44,開倉,-1.0,27980.099380355718,-0.09671783100196396,27980.099380355718,-0.09671783100196396,,,,
2023-05-10 23:14,平倉,,,,,,28125.500007852854,0.09671783100196396,-16.783070674452777,0.0
2023-05-11 01:29,開倉,1.0,27185.95832893143,0.09892544633574452,27185.95832893143,0.09892544633574452,,,,
2023-05-11 03:59,平倉,,,,,,27677.122135240475,-0.09892544633574452,45.85062710256804,0.0
2023-05-11 21:14,開倉,1.0,27348.211118073075,0.09991753663959066,27348.211118073075,0.09991753663959066,,,,
2023-05-11 23:44,平倉,,,,,,27182.284146866044,-0.09991753663959066,-19.295001097267065,0.0
2023-05-12 01:29,開倉,1.0,26910.896416156156,0.10072229715926018,26910.896416156156,0.10072229715926018,,,,
2023-05-12 03:59,平倉,,,,,,26823.621950354707,-0.10072229715926018,-11.492221499840513,0.0
2023-05-12 10:59,開倉,1.0,26646.92141768769,0.10118682804687883,26646.92141768769,0.10118682804687883,,,,
2023-05-12 13:29,平倉,,,,,,26610.544529331222,-0.10118682804687883,-6.373498540529507,0.0
2023-05-12 13:59,開倉,1.0,26290.444341614384,0.10221368150528744,26290.444341614384,0.10221368150528744,,,,
2023-05-12 16:29,平倉,,,,,,26339.287994536677,-0.10221368150528744,2.3002539892044123,0.0
2023-05-13 03:29,開倉,1.0,25949.02744146588,0.10354360786804723,25949.02744146588,0.10354360786804723,,,,
2023-05-13 05:59,平倉,,,,,,26738.553329472943,-0.10354360786804723,78.98175266856913,0.0
2023-05-13 05:59,開倉,-1.0,26738.553329472943,-0.10323771537207613,26738.553329472947,-0.10323771537207613,,,,
2023-05-13 08:29,平倉,,,,,,26723.704955110108,0.10323771537207613,-1.2259819996342436,0.0
2023-05-14 07:44,開倉,1.0,26788.29437654154,0.10300023304974766,26788.29437654154,0.10300023304974766,,,,
2023-05-14 10:14,平倉,,,,,,26729.489009340225,-0.10300023304974766,-8.810110123574214,0.0
2023-05-14 20:14,開倉,1.0,26802.590861871868,0.10251342799680468,26802.590861871868,0.10251342799680468,,,,
2023-05-14 22:44,平倉,,,,,,26884.329901814395,-0.10251342799680468,5.623344368044252,0.0
2023-05-14 22:59,開倉,-1.0,26947.29159203099,-0.10196770565086294,26947.29159203099,-0.10196770565086294,,,,
2023-05-15 01:29,平倉,,,,,,26984.923081321318,0.10196770565086294,-6.5887873169271485,0.0
2023-05-15 08:29,開倉,1.0,26808.013461926923,0.10225156817434154,26808.013461926927,0.10225156817434154,,,,
2023-05-15 10:59,平倉,,,,,,27150.63140972176,-0.10225156817434154,32.25702780812865,0.0
2023-05-15 22:14,開倉,1.0,27303.53230632132,0.10147742091980598,27303.53230632132,0.10147742091980598,,,,
2023-05-16 00:44,平倉,,,,,,27376.664490494837,-0.10147742091980598,4.643152130278333,0.0
2023-05-16 01:14,開倉,-1.0,27599.024463680442,-0.10035841160125417,27599.024463680445,-0.10035841160125417,,,,
2023-05-16 03:44,平倉,,,,,,27420.41346494494,0.10035841160125417,15.173246986817365,0.0
2023-05-16 07:59,開倉,1.0,27177.632574724725,0.10247305697304428,27177.632574724725,0.10247305697304428,,,,
2023-05-16 10:29,平倉,,,,,,26987.414817092635,-0.10247305697304428,-22.257678011225007,0.0
2023-05-16 21:59,開倉,1.0,26999.44440428428,0.10222135964972992,26999.44440428428,0.10222135964972992,,,,
2023-05-17 00:29,平倉,,,,,,27000.249824948354,-0.10222135964972992,-2.6776710526170104,0.0
2023-05-17 03:59,開倉,1.0,26946.614815880876,0.10221987532938628,26946.614815880876,0.10221987532938628,,,,
2023-05-17 06:29,平倉,,,,,,26982.768240443183,-0.10221987532938628,0.9374233459096613,0.0
2023-05-17 15:59,開倉,1.0,26859.890292349406,0.10248223698155379,26859.890292349406,0.10248223698155379,,,,
2023-05-17 18:29,平倉,,,,,,26875.823601172357,-0.10248223698155379,-1.1214133926758876,0.0
2023-05-17 19:44,開倉,1.0,26594.710827708823,0.10335835753110416,26594.710827708823,0.10335835753110416,,,,
2023-05-17 22:14,平倉,,,,,,26626.726094591177,-0.10335835753110416,0.5569507253125172,0.0
2023-05-18 01:59,開倉,-1.0,27072.118933827645,-0.10135325889938032,27072.118933827645,-0.10135325889938032,,,,
2023-05-18 04:29,平倉,,,,,,27359.100831708824,0.10135325889938032,-31.859484625237013,0.0
2023-05-18 13:29,開倉,1.0,27281.856464116467,0.09940570096983067,27281.856464116467,0.09940570096983067,,,,
2023-05-18 15:59,平倉,,,,,,27378.590984515962,-0.09940570096983067,6.894374779910141,0.0
2023-05-18 16:29,開倉,-1.0,27453.791978249443,-0.0988366839261892,27453.791978249443,-0.0988366839261892,,,,
2023-05-18 18:59,平倉,,,,,,27361.80604400901,0.0988366839261892,6.387234532555617,0.0
2023-05-18 23:29,開倉,1.0,27135.962739229228,0.10022980261636975,27135.962739229228,0.10022980261636975,,,,
2023-05-19 01:59,平倉,,,,,,26566.663530936956,-0.10022980261636975,-59.72351871867131,0.0
2023-05-19 01:59,開倉,1.0,26502.5556445045,0.10026797612349694,26502.5556445045,0.10026797612349694,,,,
2023-05-19 04:29,平倉,,,,,,26716.510996102967,-0.10026797612349694,18.77405959890901,0.0
2023-05-19 22:14,開倉,1.0,26799.18003643143,0.09975985732674499,26799.18003643143,0.09975985732674499,,,,
2023-05-20 00:44,平倉,,,,,,26867.593329226926,-0.09975985732674499,4.144593051294837,0.0
2023-05-20 23:44,開倉,-1.0,26939.152696484507,-0.09919690629587515,26939.15269648451,-0.09919690629587515,,,,
2023-05-21 02:14,平倉,,,,,,27152.87569698198,0.09919690629587515,-23.894141719797865,0.0
2023-05-21 02:14,開倉,-1.0,27125.736390938022,-0.09753569187868957,27125.736390938022,-0.09753569187868957,,,,
2023-05-21 04:44,平倉,,,,,,27050.257310650588,0.09753569187868957,4.723538755911153,0.0
2023-05-21 08:59,開倉,-1.0,27226.491812195934,-0.09725102511395455,27226.491812195934,-0.09725102511395455,,,,
2023-05-21 11:29,平倉,,,,,,27190.138824724723,0.09725102511395455,0.8910964238348242,0.0
2023-05-21 18:59,開倉,1.0,26965.425865055055,0.09822562398539987,26965.425865055055,0.09822562398539987,,,,
2023-05-21 21:29,平倉,,,,,,26913.56945054649,-0.09822562398539987,-7.737230825703728,0.0
2023-05-22 05:14,開倉,1.0,26784.83924323824,0.09849992520386221,26784.83924323824,0.09849992520386221,,,,
2023-05-22 07:44,平倉,,,,,,26766.698527144286,-0.09849992520386221,-4.423376981276862,0.0
2023-05-22 08:44,開倉,1.0,26640.058867257252,0.09877003135328229,26640.058867257252,0.09877003135328229,,,,
2023-05-22 11:14,平倉,,,,,,26640.690463793733,-0.09877003135328229,-2.5689190226711345,0.0
2023-05-22 14:29,開倉,-1.0,26883.399707804067,-0.09758482912153371,26883.399707804067,-0.09758482912153371,,,,
2023-05-22 16:59,平倉,,,,,,26840.598317632634,0.09758482912153371,1.5575311456974772,0.0
2023-05-22 20:59,開倉,1.0,26746.56616022022,0.09814232830992266,26746.566160220216,0.09814232830992266,,,,
2023-05-22 23:29,平倉,,,,,,26839.5713032989,-0.09814232830992266,6.49364326799363,0.0
2023-05-23 09:44,開倉,-1.0,27014.294227804065,-0.09721569385894273,27014.294227804065,-0.09721569385894273,,,,
2023-05-23 12:14,平倉,,,,,,27363.485014944945,0.09721569385894273,-36.606984843177706,0.0
2023-05-23 12:14,開倉,-1.0,27336.135204835056,-0.094636632299305,27336.135204835056,-0.094636632299305,,,,
2023-05-23 14:44,平倉,,,,,,27341.006748458458,0.094636632299305,-3.048487284964553,0.0
2023-05-23 21:44,開倉,1.0,27234.0102,0.09487951814685475,27234.010200000004,0.09487951814685475,,,,
2023-05-24 00:14,平倉,,,,,,27225.851535154605,-0.09487951814685475,-3.3572658640464597,0.0
2023-05-24 00:29,開倉,1.0,27224.167980589616,0.09469547721655842,27224.16798058962,0.09469547721655842,,,,
2023-05-24 02:59,平倉,,,,,,27116.73485,-0.09469547721655842,-12.741263717228481,0.0
2023-05-24 09:59,開倉,1.0,27152.666581486483,0.09438036747235626,27152.666581486486,0.09438036747235626,,,,
2023-05-24 12:29,平倉,,,,,,26748.678533338443,-0.09438036747235626,-40.65309054802867,0.0
2023-05-24 12:29,開倉,1.0,26775.44059290156,0.0940952311873646,26775.44059290156,0.0940952311873646,,,,
2023-05-24 14:59,平倉,,,,,,26694.99053974395,-0.0940952311873646,-10.081837657282673,0.0
2023-05-24 21:44,開倉,1.0,26649.536570770768,0.09406668992182911,26649.536570770768,0.09406668992182911,,,,
2023-05-25 00:14,平倉,,,,,,26246.67943598967,-0.09406668992182911,-40.36437543623291,0.0
2023-05-25 09:29,開倉,1.0,25975.997222147143,0.0948545315645638,25975.997222147143,0.0948545315645638,,,,
2023-05-25 11:59,平倉,,,,,,26170.174850278243,-0.0948545315645638,15.936268280307637,0.0
2023-05-25 20:29,開倉,-1.0,26399.377224721764,-0.09375008769093958,26399.37722472176,-0.09375008769093958,,,,
2023-05-25 22:59,平倉,,,,,,26376.94539823824,0.09375008769093958,-0.3698552442060077,0.0
2023-05-26 03:14,開倉,-1.0,26519.095247855716,-0.09321964154223264,26519.095247855712,-0.09321964154223264,,,,
2023-05-26 05:44,平倉,,,,,,26457.341730165164,0.09321964154223264,3.290296870838419,0.0
2023-05-26 10:14,開倉,1.0,26414.168835825825,0.09371457080677251,26414.168835825825,0.09371457080677251,,,,
2023-05-26 12:44,平倉,,,,,,26409.38079186605,-0.09371457080677251,-2.923653270876686,0.0
2023-05-26 13:59,開倉,1.0,26362.212220911028,0.09369436561998278,26362.212220911028,0.09369436561998278,,,,
2023-05-26 16:29,平倉,,,,,,26572.858683850136,-0.09369436561998278,17.24665957808019,0.0
2023-05-26 16:29,開倉,-1.0,26572.858683850136,-0.09341453638961868,26572.85868385014,-0.09341453638961868,,,,
2023-05-26 18:59,平倉,,,,,,26513.9722691641,0.09341453638961868,3.0240567001720557,0.0
2023-05-26 22:14,開倉,-1.0,26605.483905958696,-0.09332033868722855,26605.483905958696,-0.09332033868722855,,,,
2023-05-27 00:44,平倉,,,,,,26798.492549999995,0.09332033868722855,-20.512476432569997,0.0
2023-05-27 08:29,開倉,1.0,26676.378126091393,0.09230301150153483,26676.378126091393,0.09230301150153483,,,,
2023-05-27 10:59,平倉,,,,,,26732.724290460435,-0.09230301150153483,2.7334097001733753,0.0
2023-05-27 21:59,開倉,1.0,26661.13954105662,0.09236594213884543,26661.13954105662,0.09236594213884543,,,,
2023-05-28 00:29,平倉,,,,,,26730.105857162023,-0.09236594213884543,3.90118735195332,0.0
2023-05-28 08:44,開倉,-1.0,26973.72456673209,-0.09125761636272778,26973.72456673209,-0.09125761636272778,,,,
2023-05-28 11:14,平倉,,,,,,27147.65713590543,0.09125761636272778,-18.350102150659538,0.0
2023-05-28 23:59,開倉,-1.0,27258.350996954778,-0.08954160706670522,27258.350996954778,-0.08954160706670522,,,,
2023-05-29 02:29,平倉,,,,,,27605.1957,0.08954160706670522,-33.528845699612276,0.0
2023-05-29 02:29,開倉,-1.0,27577.604300000003,-0.08720137219471658,27577.604300000003,-0.08720137219471658,,,,
2023-05-29 04:59,平倉,,,,,,27600.3739879488,0.08720137219471658,-4.392338518416989,0.0
2023-05-29 05:59,開倉,-1.0,27842.835496610725,-0.08612668749960221,27842.835496610725,-0.08612668749960221,,,,
2023-05-29 08:29,平倉,,,,,,28334.625015501555,0.08612668749960221,-44.79656960321872,0.0
2023-05-29 08:29,開倉,-1.0,28306.304550718447,-0.08305005707129708,28306.304550718447,-0.08305005707129708,,,,
2023-05-29 10:59,平倉,,,,,,28099.4427,0.08305005707129708,14.84622818813455,0.0
2023-05-29 22:44,開倉,1.0,27817.001549999997,0.08504489083960654,27817.001549999997,0.08504489083960654,,,,
2023-05-30 01:14,平倉,,,,,,27637.488466528208,-0.08504489083960654,-17.617097777856273,0.0
2023-05-30 18:29,開倉,-1.0,27895.945050000002,-0.08400348309612372,27895.945050000002,-0.08400348309612372,,,,
2023-05-30 20:59,平倉,,,,,,27902.532711788786,0.08400348309612372,-2.897296470710912,0.0
2023-05-30 22:44,開倉,1.0,27697.89401933667,0.08449948585590365,27697.894019336672,0.08449948585590365,,,,
2023-05-31 01:14,平倉,,,,,,27693.098592605682,-0.08449948585590365,-2.74526368606039,0.0
2023-05-31 12:44,開倉,1.0,27591.009098714232,0.08464241127314756,27591.00909871423,0.08464241127314756,,,,
2023-05-31 15:14,平倉,,,,,,27110.70444802934,-0.08464241127314756,-42.948859175470595,0.0
2023-05-31 22:14,開倉,1.0,27083.404820412736,0.0845559368894086,27083.404820412736,0.0845559368894086,,,,
2023-06-01 00:44,平倉,,,,,,27011.282967297513,-0.0845559368894086,-8.382295198242726,0.0
2023-06-01 08:14,開倉,-1.0,27343.30135817595,-0.08327841247181915,27343.30135817595,-0.08327841247181915,,,,
2023-06-01 10:44,平倉,,,,,,27106.756751993456,0.08327841247181915,17.441651612084065,0.0
2023-06-01 10:59,開倉,1.0,26782.32167104122,0.08567431644045649,26782.321671041216,0.08567431644045649,,,,
2023-06-01 13:29,平倉,,,,,,26845.579851511906,-0.08567431644045649,3.1196246678674,0.0
2023-06-02 00:59,開倉,-1.0,27151.774480700362,-0.08445445612110525,27151.774480700366,-0.08445445612110525,,,,
2023-06-02 03:29,平倉,,,,,,26933.407386336316,0.08445445612110525,16.167427916960715,0.0
2023-06-02 08:44,開倉,1.0,26726.456549999995,0.08640366725662821,26726.456549999995,0.08640366725662821,,,,
2023-06-02 11:14,平倉,,,,,,26976.236268642897,-0.08640366725662821,19.251037954683472,0.0
2023-06-02 13:44,開倉,-1.0,27174.970493282166,-0.08551578934279101,27174.970493282166,-0.08551578934279101,,,,
2023-06-02 16:14,平倉,,,,,,27110.765362987302,0.08551578934279101,3.1721538973189753,0.0
2023-06-02 21:59,開倉,1.0,26926.998880804873,0.08642117166330313,26926.998880804873,0.08642117166330313,,,,
2023-06-03 00:29,平倉,,,,,,27115.26797982199,-0.08642117166330313,13.927102896273079,0.0
2023-06-03 03:44,開倉,-1.0,27298.298330626112,-0.08558522969453002,27298.298330626112,-0.08558522969453002,,,,
2023-06-03 06:14,平倉,,,,,,27262.77629051733,0.08558522969453002,0.7068709909939606,0.0
2023-06-03 09:44,開倉,1.0,27145.729666722462,0.08609230205265933,27145.729666722462,0.08609230205265933,,,,
2023-06-03 12:14,平倉,,,,,,27113.221177355183,-0.08609230205265933,-5.132970313104892,0.0
2023-06-03 23:59,開倉,-1.0,27292.023630205782,-0.08527166198266939,27292.02363020578,-0.08527166198266939,,,,
2023-06-04 02:29,平倉,,,,,,27229.758473889342,0.08527166198266939,2.987526602258011,0.0
2023-06-04 05:14,開倉,1.0,27039.44468780097,0.08617873856769291,27039.44468780097,0.08617873856769291,,,,
2023-06-04 07:44,平倉,,,,,,27060.506928944542,-0.08617873856769291,-0.5169229789771175,0.0
2023-06-04 16:14,開倉,-1.0,27211.75281009358,-0.08544287704094972,27211.75281009358,-0.08544287704094972,,,,
2023-06-04 18:44,平倉,,,,,,27275.569731491054,0.08544287704094972,-7.783204518885833,0.0
2023-06-04 23:59,開倉,1.0,27194.46997440732,0.08521082985116918,27194.46997440732,0.08521082985116918,,,,
2023-06-05 02:29,平倉,,,,,,27240.037575386206,-0.08521082985116918,1.5617068867622756,0.0
2023-06-05 07:29,開倉,1.0,27164.842434700648,0.08527593801455174,27164.842434700648,0.08527593801455174,,,,
2023-06-05 09:59,平倉,,,,,,27095.58577598692,-0.08527593801455174,-8.216528028667712,0.0
2023-06-05 10:59,開倉,1.0,26993.640377921383,0.08542638508130476,26993.640377921383,0.08542638508130476,,,,
2023-06-05 13:29,平倉,,,,,,26795.595500000003,-0.08542638508130476,-19.2073088643577,0.0
2023-06-05 18:29,開倉,1.0,26751.24438586407,0.08539584365117234,26751.24438586407,0.08539584365117234,,,,
2023-06-05 20:59,平倉,,,,,,26679.415092523373,-0.08539584365117234,-8.412234263642087,0.0
2023-06-05 20:59,開倉,1.0,26706.10785399663,0.085139439554196,26706.10785399663,0.085139439554196,,,,
2023-06-05 23:29,平倉,,,,,,26476.50121837429,-0.085139439554196,-21.80277474989875,0.0
2023-06-05 23:29,開倉,1.0,26502.990964465705,0.08488304215608267,26502.99096446571,0.08488304215608267,,,,
2023-06-06 00:14,平倉,,,,,,25946.971194006805,-0.08488304215608267,-49.39910746516214,0.0
2023-06-06 00:14,開倉,1.0,25963.12356180378,0.0846577611403885,25963.12356180378,0.0846577611403885,,,,
2023-06-06 02:44,平倉,,,,,,25621.87417316054,-0.0846577611403885,-31.058499736783403,0.0
2023-06-06 19:44,開倉,1.0,25725.219537327823,0.08414726264718483,25725.219537327823,0.08414726264718483,,,,
2023-06-06 22:14,平倉,,,,,,25921.27991626011,-0.08414726264718483,14.316739451457135,0.0
2023-06-06 22:44,開倉,-1.0,26000.79988670495,-0.08363931672015626,26000.79988670495,-0.08363931672015626,,,,
2023-06-07 01:14,平倉,,,,,,26458.422599999998,0.08363931672015626,-40.48821544337893,0.0
2023-06-07 01:14,開倉,-1.0,26431.977400000003,-0.08066167473242947,26431.977400000003,-0.08066167473242947,,,,
2023-06-07 03:44,平倉,,,,,,26919.052799999998,0.08066167473242947,-41.45965336602621,0.0
2023-06-07 11:29,開倉,1.0,26841.076082205538,0.0778868617082104,26841.076082205538,0.0778868617082104,,,,
2023-06-07 13:59,平倉,,,,,,26898.868810173673,-0.0778868617082104,2.4062257358690866,0.0
2023-06-07 17:29,開倉,1.0,26731.81826245647,0.07821701377624102,26731.818262456472,0.07821701377624102,,,,
2023-06-07 19:59,平倉,,,,,,26878.410998216663,-0.07821701377624102,9.36369698912069,0.0
2023-06-07 22:59,開倉,1.0,26460.158207680153,0.07929504545019495,26460.15820768015,0.07929504545019495,,,,
2023-06-08 01:29,平倉,,,,,,26480.37216144454,-0.07929504545019495,-0.4968959316044679,0.0
2023-06-08 05:59,開倉,1.0,26185.7155624239,0.08002695552828262,26185.7155624239,0.08002695552828262,,,,
2023-06-08 08:29,平倉,,,,,,26433.85089742268,-0.08002695552828262,17.742094808733604,0.0
2023-06-08 23:44,開倉,-1.0,26713.211690720895,-0.07895371443240537,26713.2116907209,-0.07895371443240537,,,,
2023-06-09 02:14,平倉,,,,,,26528.896844462473,0.07895371443240537,12.457786791475954,0.0
2023-06-09 10:29,開倉,1.0,26465.43225073383,0.08016386369639422,26465.43225073383,0.08016386369639422,,,,
2023-06-09 12:59,平倉,,,,,,26507.12765840384,-0.08016386369639422,1.217551208633021,0.0
2023-06-09 16:59,開倉,-1.0,26699.251276669773,-0.07934856309368417,26699.25127666977,-0.07934856309368417,,,,
2023-06-09 19:29,平倉,,,,,,26646.97686189594,0.07934856309368417,2.0335003740846016,0.0
2023-06-09 23:29,開倉,1.0,26605.744692063912,0.07970390480247183,26605.74469206391,0.07970390480247183,,,,
2023-06-10 01:59,平倉,,,,,,26542.88013375357,-0.07970390480247183,-7.126121962380807,0.0
2023-06-10 10:44,開倉,1.0,26413.634817630165,0.07993335372644456,26413.634817630165,0.07993335372644456,,,,
2023-06-10 12:44,平倉,,,,,,25859.489695369244,-0.07993335372644456,-46.36171381047138,0.0
2023-06-10 12:44,開倉,1.0,25881.737256697634,0.07970226704149408,25881.737256697634,0.07970226704149408,,,,
2023-06-10 15:14,平倉,,,,,,25593.397872663427,-0.07970226704149408,-25.021154416620497,0.0
2023-06-11 01:44,開倉,-1.0,26117.5347,-0.0778672608230788,26117.5347,-0.0778672608230788,,,,
2023-06-11 04:14,平倉,,,,,,25748.912126001975,0.0778672608230788,26.698632858352983,0.0
2023-06-11 12:29,開倉,1.0,25734.068110163204,0.08006557145974327,25734.068110163204,0.08006557145974327,,,,
2023-06-11 14:59,平倉,,,,,,25784.29358626882,-0.08006557145974327,1.9568972455635332,0.0
2023-06-11 21:59,開倉,1.0,25737.4298081622,0.0800510896853153,25737.429808162196,0.0800510896853153,,,,
2023-06-12 00:29,平倉,,,,,,25895.167204497437,-0.0800510896853153,10.554114108456977,0.0
2023-06-12 00:44,開倉,-1.0,25992.641368064924,-0.07951248781603769,25992.641368064924,-0.07951248781603769,,,,
2023-06-12 03:14,平倉,,,,,,26050.010797500676,0.07951248781603769,-6.632887225167184,0.0
2023-06-12 06:44,開倉,1.0,25817.538550646263,0.07979472453935757,25817.538550646263,0.07979472453935757,,,,
2023-06-12 09:14,平倉,,,,,,25993.75262497851,-0.07979472453935757,11.986789190845315,0.0
2023-06-12 10:29,開倉,1.0,25767.048473884093,0.0803365208160315,25767.048473884093,0.0803365208160315,,,,
2023-06-12 12:59,平倉,,,,,,25817.825263003342,-0.0803365208160315,2.0051163193838457,0.0
2023-06-12 17:14,開倉,-1.0,26070.579623492897,-0.07931933885556047,26070.5796234929,-0.07931933885556047,,,,
2023-06-12 19:44,平倉,,,,,,26009.70522491574,0.07931933885556047,2.765444426101998,0.0
2023-06-13 10:44,開倉,-1.0,26068.127471262356,-0.07935354528675981,26068.127471262356,-0.07935354528675981,,,,
2023-06-13 13:14,平倉,,,,,,26117.91199626324,0.07935354528675981,-6.023127471628489,0.0
2023-06-13 16:59,開倉,-1.0,26165.069249945445,-0.07875043762376371,26165.069249945445,-0.07875043762376371,,,,
2023-06-13 19:29,平倉,,,,,,26169.90113310087,0.07875043762376371,-2.4414040798388785,0.0
2023-06-13 20:29,開倉,-1.0,26228.92988996229,-0.07838714727358181,26228.92988996229,-0.07838714727358181,,,,
2023-06-13 22:59,平倉,,,,,,25998.175720364397,0.07838714727358181,16.050238247226556,0.0
2023-06-13 23:14,開倉,1.0,25937.233997890977,0.0798878266727293,25937.233997890973,0.0798878266727293,,,,
2023-06-14 01:44,平倉,,,,,,25819.407237050626,-0.0798878266727293,-11.475580177568926,0.0
2023-06-14 13:59,開倉,1.0,25858.363871365393,0.07960731162178367,25858.36387136539,0.07960731162178367,,,,
2023-06-14 16:29,平倉,,,,,,25906.89184021695,-0.07960731162178367,1.8008031268625149,0.0
2023-06-15 01:14,開倉,1.0,25950.558159392353,0.0793145556845212,25950.55815939235,0.0793145556845212,,,,
2023-06-15 03:44,平倉,,,,,,25877.146264624862,-0.0793145556845212,-7.875066173804143,0.0
2023-06-15 04:14,開倉,1.0,25600.12945981596,0.08001204460966395,25600.129459815955,0.08001204460966395,,,,
2023-06-15 04:59,平倉,,,,,,25063.05128154356,-0.08001204460966395,-44.97806913600095,0.0
2023-06-15 04:59,開倉,1.0,24942.211437332026,0.0802362214092338,24942.211437332026,0.0802362214092338,,,,
2023-06-15 07:29,平倉,,,,,,25063.323585351944,-0.0802362214092338,7.706594743428474,0.0
2023-06-15 14:59,開倉,1.0,24942.851151369196,0.08046301386113214,24942.851151369196,0.08046301386113214,,,,
2023-06-15 17:29,平倉,,,,,,24995.89744090914,-0.08046301386113214,2.257019088274773,0.0
2023-06-16 02:59,開倉,-1.0,25370.508400000002,-0.07903747490638115,25370.508400000002,-0.07903747490638115,,,,
2023-06-16 05:29,平倉,,,,,,25682.835,0.07903747490638115,-26.71541223693231,0.0
2023-06-16 05:29,開倉,-1.0,25657.165,-0.07703558238744428,25657.165,-0.07703558238744428,,,,
2023-06-16 07:59,平倉,,,,,,25598.89305,0.07703558238744428,2.516987970521546,0.0
2023-06-16 19:59,開倉,1.0,25490.11752429744,0.07763922207334667,25490.11752429744,0.07763922207334667,,,,
2023-06-16 22:29,平倉,,,,,,25496.466590429485,-0.07763922207334667,-1.4865892763156907,0.0
2023-06-16 23:59,開倉,-1.0,25826.780150000002,-0.07641645417851484,25826.780150000002,-0.07641645417851484,,,,
2023-06-17 02:14,平倉,,,,,,26369.672247000002,0.07641645417851484,-43.50096590524365,0.0
2023-06-17 02:14,開倉,-1.0,26413.9864,-0.0729969006996358,26413.9864,-0.0729969006996358,,,,
2023-06-17 04:44,平倉,,,,,,26393.790299999997,0.0729969006996358,-0.4524121833958554,0.0
2023-06-17 09:59,開倉,1.0,26155.721800597676,0.07370037497382581,26155.721800597676,0.07370037497382581,,,,
2023-06-17 12:29,平倉,,,,,,26251.296385650025,-0.07370037497382581,5.109152369154483,0.0
2023-06-17 13:44,開倉,-1.0,26683.00920358886,-0.07229093396799639,26683.00920358886,-0.07229093396799639,,,,
2023-06-17 16:14,平倉,,,,,,26575.15087884193,0.07229093396799639,5.876036554807031,0.0
2023-06-17 22:29,開倉,1.0,26467.017150117492,0.07310301045582894,26467.017150117492,0.07310301045582894,,,,
2023-06-18 00:59,平倉,,,,,,26392.409040007038,-0.07310301045582894,-7.383442007500284,0.0
2023-06-18 08:44,開倉,1.0,26362.513274542616,0.07303915569953452,26362.513274542616,0.07303915569953452,,,,
2023-06-18 11:14,平倉,,,,,,26436.734898310875,-0.07303915569953452,3.490167938257075,0.0
2023-06-18 13:44,開倉,-1.0,26596.858972972503,-0.07238204594355128,26596.858972972503,-0.07238204594355128,,,,
2023-06-18 16:14,平倉,,,,,,26475.161286350594,0.07238204594355128,6.892401203699319,0.0
2023-06-19 04:29,開倉,1.0,26445.359999713874,0.0730574632390173,26445.359999713874,0.0730574632390173,,,,
2023-06-19 06:59,平倉,,,,,,26373.30675,-0.0730574632390173,-7.1907945306025205,0.0
2023-06-19 20:29,開倉,-1.0,26493.357873740337,-0.0725080450639472,26493.357873740337,-0.0725080450639472,,,,
2023-06-19 22:59,平倉,,,,,,26426.8068,0.0725080450639472,2.909332155467898,0.0
2023-06-20 01:59,開倉,-1.0,26592.82630415558,-0.07227398175039722,26592.82630415558,-0.07227398175039722,,,,
2023-06-20 04:29,平倉,,,,,,26745.75573619071,0.07227398175039722,-12.985841241983564,0.0
2023-06-20 09:14,開倉,-1.0,27059.111888163865,-0.070477889078561,27059.111888163865,-0.070477889078561,,,,
2023-06-20 11:44,平倉,,,,,,26883.197559409036,0.070477889078561,10.503399533643254,0.0
2023-06-20 16:14,開倉,1.0,26720.419913730268,0.07176450610132268,26720.419913730268,0.07176450610132268,,,,
2023-06-20 18:44,平倉,,,,,,26729.085728641443,-0.07176450610132268,-1.2963017087898856,0.0
2023-06-20 23:59,開倉,-1.0,27040.0732,-0.07072646704201933,27040.0732,-0.07072646704201933,,,,
2023-06-21 01:59,平倉,,,,,,27608.469336,0.07072646704201933,-42.1533000761883,0.0
2023-06-21 01:59,開倉,-1.0,27714.61368055025,-0.06741588215812265,27714.61368055025,-0.06741588215812265,,,,
2023-06-21 04:29,平倉,,,,,,27948.359968496054,0.06741588215812265,-17.642375545201816,0.0
2023-06-21 09:14,開倉,-1.0,28794.57810781045,-0.06421014740131058,28794.57810781045,-0.06421014740131058,,,,
2023-06-21 11:44,平倉,,,,,,28712.224261291813,0.06421014740131058,3.4443364719894727,0.0
2023-06-21 18:29,開倉,-1.0,28970.543434973526,-0.0638751821644555,28970.543434973526,-0.0638751821644555,,,,
2023-06-21 20:59,平倉,,,,,,28878.00727372299,0.0638751821644555,4.066176181521931,0.0
2023-06-21 21:29,開倉,-1.0,29007.906878066446,-0.0638692518113595,29007.906878066446,-0.0638692518113595,,,,
2023-06-21 23:29,平倉,,,,,,29617.667882076625,0.0638692518113595,-40.836637397899075,0.0
2023-06-21 23:29,開倉,-1.0,29891.74665,-0.0605533468511527,29891.74665,-0.0605533468511527,,,,
2023-06-22 00:29,平倉,,,,,,30520.086417000002,0.0605533468511527,-39.896169230259304,0.0
2023-06-22 00:29,開倉,-1.0,30525.459578248392,-0.057930657421401764,30525.459578248392,-0.057930657421401764,,,,
2023-06-22 02:59,平倉,,,,,,30090.036152866767,0.057930657421401764,23.481229712866885,0.0
2023-06-22 10:44,開倉,-1.0,30294.231175375848,-0.05908920231155756,30294.231175375844,-0.05908920231155756,,,,
2023-06-22 13:14,平倉,,,,,,30296.59834716918,0.05908920231155756,-1.9300761220905074,0.0
2023-06-22 22:44,開倉,1.0,29740.048728857895,0.060125352530017016,29740.048728857895,0.060125352530017016,,,,
2023-06-23 01:14,平倉,,,,,,29864.919746062053,-0.060125352530017016,5.712275102169136,0.0
2023-06-23 22:59,開倉,-1.0,30253.845800114872,-0.0591748193182179,30253.845800114872,-0.0591748193182179,,,,
2023-06-23 23:59,平倉,,,,,,30889.79707601323,0.0591748193182179,-39.46020000722499,0.0
2023-06-23 23:59,開倉,-1.0,31226.67885,-0.05601095225885119,31226.67885,-0.05601095225885119,,,,
2023-06-24 02:29,平倉,,,,,,30947.933039272935,0.05601095225885119,13.879395097015566,0.0
2023-06-24 06:29,開倉,1.0,30545.865299999998,0.05771394380835791,30545.865299999998,0.05771394380835791,,,,
2023-06-24 08:59,平倉,,,,,,30435.05176264945,-0.05771394380835791,-8.15201313508883,0.0
2023-06-24 23:44,開倉,1.0,30444.322804565218,0.057580602853240896,30444.322804565218,0.057580602853240896,,,,
2023-06-25 02:14,平倉,,,,,,30643.792588885022,-0.057580602853240896,9.721102381162611,0.0
2023-06-25 12:14,開倉,-1.0,30834.67495,-0.057053121295149084,30834.67495,-0.057053121295149084,,,,
2023-06-25 14:44,平倉,,,,,,30861.322949999998,0.057053121295149084,-3.281086377868103,0.0
2023-06-25 22:59,開倉,1.0,30556.4706,0.0574651355035032,30556.4706,0.0574651355035032,,,,
2023-06-26 01:29,平倉,,,,,,30502.988591512316,-0.0574651355035032,-4.826209237417374,0.0
2023-06-26 02:14,開倉,1.0,30401.5932,0.057541270287978716,30401.5932,0.057541270287978716,,,,
2023-06-26 04:44,平倉,,,,,,30424.433152910304,-0.057541270287978716,-0.4364206276336198,0.0
2023-06-26 08:14,開倉,1.0,30331.80201876846,0.05760157047783324,30331.80201876846,0.05760157047783324,,,,
2023-06-26 10:44,平倉,,,,,,30092.98575485263,-0.05760157047783324,-15.489595097047026,0.0
2023-06-26 15:14,開倉,-1.0,30534.48245575279,-0.05659781565867461,30534.48245575279,-0.05659781565867461,,,,
2023-06-26 17:44,平倉,,,,,,30279.751560025197,0.05659781565867461,12.703444481974586,0.0
2023-06-26 21:59,開倉,-1.0,30595.49234164974,-0.056843497129777786,30595.49234164974,-0.056843497129777786,,,,
2023-06-27 00:29,平倉,,,,,,30285.253964502524,0.056843497129777786,15.913514554108895,0.0
2023-06-27 00:59,開倉,1.0,30072.456532889486,0.05836158582301431,30072.456532889486,0.05836158582301431,,,,
2023-06-27 03:29,平倉,,,,,,30101.292421941384,-0.05836158582301431,-0.0738509473815454,0.0
2023-06-27 18:14,開倉,-1.0,30581.13838551809,-0.05727367042008541,30581.13838551809,-0.05727367042008541,,,,
2023-06-27 20:44,平倉,,,,,,30714.5017284762,0.05727367042008541,-9.397340399817475,0.0
2023-06-28 08:29,開倉,1.0,30455.249810807953,0.05720169800455972,30455.24981080795,0.05720169800455972,,,,
2023-06-28 10:59,平倉,,,,,,30347.192870111434,-0.05720169800455972,-7.916951450860918,0.0
2023-06-28 10:59,開倉,1.0,30377.55524416857,0.0570298733861708,30377.55524416857,0.0570298733861708,,,,
2023-06-28 13:29,平倉,,,,,,30399.107492165254,-0.0570298733861708,-0.5045352768924383,0.0
2023-06-28 15:44,開倉,1.0,30207.99645,0.05727589548456764,30207.99645,0.05727589548456764,,,,
2023-06-28 18:14,平倉,,,,,,30212.400981250692,-0.05727589548456764,-1.4781688493667446,0.0
2023-06-28 20:59,開倉,1.0,30083.47379004513,0.05740627217604036,30083.47379004513,0.05740627217604036,,,,
2023-06-28 23:29,平倉,,,,,,30341.4217,-0.05740627217604036,13.066040013791792,0.0
2023-06-29 15:14,開倉,-1.0,30378.703050000004,-0.0571646312519475,30378.703050000004,-0.0571646312519475,,,,
2023-06-29 17:44,平倉,,,,,,30432.508649999996,0.0571646312519475,-4.815440418338305,0.0
2023-06-29 18:14,開倉,-1.0,30502.141300000003,-0.056718595228704365,30502.141300000003,-0.056718595228704365,,,,
2023-06-29 20:44,平倉,,,,,,30648.016349999998,0.056718595228704365,-10.012140348835096,0.0
2023-06-30 04:29,開倉,1.0,30358.171499999997,0.05665761062115231,30358.171499999997,0.05665761062115231,,,,
2023-06-30 06:59,平倉,,,,,,30381.44647997881,-0.05665761062115231,-0.40263541191523755,0.0
2023-06-30 10:44,開倉,-1.0,30658.0633,-0.0559781185719774,30658.0633,-0.0559781185719774,,,,
2023-06-30 13:14,平倉,,,,,,30946.339222722916,0.0559781185719774,-17.869461630007716,0.0
2023-06-30 20:29,開倉,-1.0,31019.019016017923,-0.05469563212837397,31019.019016017923,-0.05469563212837397,,,,
2023-06-30 22:59,平倉,,,,,,30093.864989258233,0.05469563212837397,48.95588134095844,0.0
2023-06-30 22:59,開倉,1.0,30093.864989258233,0.05800468678291134,30093.864989258233,0.05800468678291134,,,,
2023-07-01 01:29,平倉,,,,,,30508.520252528204,-0.05800468678291134,22.28231150740232,0.0
2023-07-01 12:29,開倉,1.0,30355.683882132656,0.05818126892823689,30355.68388213266,0.05818126892823689,,,,
2023-07-01 14:59,平倉,,,,,,30426.279250000003,-0.05818126892823689,2.3370885474478214,0.0
2023-07-01 20:14,開倉,-1.0,30544.105016505575,-0.05778324910068035,30544.105016505575,-0.05778324910068035,,,,
2023-07-01 22:44,平倉,,,,,,30572.17845,0.05778324910068035,-3.3887340036465172,0.0
2023-07-02 03:29,開倉,-1.0,30609.387650000004,-0.057491726200198094,30609.387650000004,-0.057491726200198094,,,,
2023-07-02 05:59,平倉,,,,,,30589.98735,0.057491726200198094,-0.6433144413917449,0.0
2023-07-02 11:44,開倉,1.0,30528.2565,0.05762343153370319,30528.2565,0.05762343153370319,,,,
2023-07-02 14:14,平倉,,,,,,30463.06085,-0.05762343153370319,-5.512183175267161,0.0
2023-07-02 22:44,開倉,-1.0,30592.4961,-0.057207392897050666,30592.496099999997,-0.057207392897050666,,,,
2023-07-03 01:14,平倉,,,,,,30550.601825859387,0.057207392897050666,0.6489419190053298,0.0
2023-07-03 01:59,開倉,1.0,30420.755146715263,0.057551701214456706,30420.755146715263,0.057551701214456706,,,,
2023-07-03 04:29,平倉,,,,,,30523.766071005604,-0.057551701214456706,4.1717592717242855,0.0
2023-07-03 06:29,開倉,-1.0,30668.658000000003,-0.05710833849400537,30668.658000000003,-0.05710833849400537,,,,
2023-07-03 08:59,平倉,,,,,,30572.951768746138,0.05710833849400537,3.7196533720608556,0.0
2023-07-03 11:29,開倉,-1.0,30708.463061343085,-0.05709837486426789,30708.463061343085,-0.05709837486426789,,,,
2023-07-03 13:59,平倉,,,,,,30667.061319796034,0.05709837486426789,0.612932795663885,0.0
2023-07-03 16:29,開倉,1.0,30553.033343550658,0.05740891764689453,30553.033343550658,0.05740891764689453,,,,
2023-07-03 18:59,平倉,,,,,,30572.325447491443,-0.05740891764689453,-0.6475853075172542,0.0
2023-07-03 22:44,開倉,-1.0,30722.12544360465,-0.0569577465337851,30722.12544360465,-0.0569577465337851,,,,
2023-07-04 01:14,平倉,,,,,,30866.93534921721,0.0569577465337851,-10.006156979356838,0.0
2023-07-04 03:29,開倉,-1.0,31259.988321442746,-0.05560184073390653,31259.988321442746,-0.05560184073390653,,,,
2023-07-04 05:59,平倉,,,,,,31042.946791767616,0.05560184073390653,10.341863582213069,0.0
2023-07-04 13:59,開倉,1.0,30967.725900197653,0.05646071437651895,30967.725900197653,0.05646071437651895,,,,
2023-07-04 16:29,平倉,,,,,,30887.99895415026,-0.05646071437651895,-6.245398815506568,0.0
2023-07-05 00:14,開倉,1.0,30926.965996880877,0.05627652164279877,30926.965996880877,0.05627652164279877,,,,
2023-07-05 02:44,平倉,,,,,,30841.932062698466,-0.05627652164279877,-6.52109069462096,0.0
2023-07-05 03:14,開倉,1.0,30773.813854678676,0.05628799848816728,30773.813854678676,0.05628799848816728,,,,
2023-07-05 05:44,平倉,,,,,,30749.6820589044,-0.05628799848816728,-3.089168541302434,0.0
2023-07-05 14:29,開倉,1.0,30768.976799999997,0.05614007327392834,30768.976799999997,0.05614007327392834,,,,
2023-07-05 16:59,平倉,,,,,,30736.823900000003,-0.05614007327392834,-3.5306337079227674,0.0
2023-07-05 17:44,開倉,1.0,30724.780195091174,0.056049610960853674,30724.780195091174,0.056049610960853674,,,,
2023-07-05 20:14,平倉,,,,,,30359.064823455286,-0.056049610960853674,-22.19981807508555,0.0
2023-07-05 20:14,開倉,1.0,30389.439075404713,0.05588053407507925,30389.439075404716,0.05588053407507925,,,,
2023-07-05 22:44,平倉,,,,,,30422.480837466348,-0.05588053407507925,0.14636683369918968,0.0
2023-07-06 14:44,開倉,-1.0,30613.18575,-0.05536600257319454,30613.18575,-0.05536600257319454,,,,
2023-07-06 16:59,平倉,,,,,,31256.690534999998,0.05536600257319454,-37.35884559076321,0.0
2023-07-06 16:59,開倉,-1.0,31277.308193394638,-0.05294239076922133,31277.308193394638,-0.05294239076922133,,,,
2023-07-06 19:29,平倉,,,,,,31194.256162104342,0.05294239076922133,2.7454745952590986,0.0
2023-07-06 22:29,開倉,1.0,30056.71313924655,0.05518375587665414,30056.71313924655,0.05518375587665414,,,,
2023-07-07 00:59,平倉,,,,,,30298.378645943176,-0.05518375587665414,11.664031994698421,0.0
2023-07-07 06:59,開倉,1.0,30181.11381572016,0.05528797654349236,30181.11381572016,0.05528797654349236,,,,
2023-07-07 09:29,平倉,,,,,,30068.502976605512,-0.05528797654349236,-7.888452118782152,0.0
2023-07-07 15:59,開倉,1.0,30022.233917371108,0.05526207123301867,30022.233917371108,0.05526207123301867,,,,
2023-07-07 18:29,平倉,,,,,,30136.940364903454,-0.05526207123301867,4.673486129228489,0.0
2023-07-07 21:59,開倉,-1.0,30353.8155,-0.05470302261407324,30353.8155,-0.05470302261407324,,,,
2023-07-08 00:29,平倉,,,,,,30342.263549999996,0.05470302261407324,-1.0278869470509262,0.0
2023-07-08 12:44,開倉,1.0,30247.032023962962,0.05486214495128122,30247.032023962962,0.05486214495128122,,,,
2023-07-08 15:14,平倉,,,,,,30173.62212527824,-0.05486214495128122,-5.682814133242192,0.0
2023-07-09 03:29,開倉,1.0,30130.127011178218,0.05483120440639714,30130.127011178218,0.05483120440639714,,,,
2023-07-09 05:59,平倉,,,,,,30167.098161421975,-0.05483120440639714,0.373074370518268,0.0
2023-07-09 08:59,開倉,-1.0,30325.297397194496,-0.05438171070595938,30325.297397194496,-0.05438171070595938,,,,
2023-07-09 11:29,平倉,,,,,,30275.430149999997,0.05438171070595938,1.0654365267180403,0.0
2023-07-09 22:14,開倉,1.0,30231.10609742919,0.054586408928127786,30231.10609742919,0.054586408928127786,,,,
2023-07-10 00:44,平倉,,,,,,30275.512846732094,-0.054586408928127786,0.7713734518566306,0.0
2023-07-10 05:14,開倉,1.0,30194.2343914095,0.05462394657597852,30194.2343914095,0.05462394657597852,,,,
2023-07-10 07:44,平倉,,,,,,30123.766517302367,-0.05462394657597852,-5.494712403459186,0.0
2023-07-10 08:14,開倉,1.0,30072.358057406353,0.05460764435213285,30072.358057406353,0.05460764435213285,,,,
2023-07-10 10:44,平倉,,,,,,30105.575372035062,-0.05460764435213285,0.16992475064505186,0.0
2023-07-11 02:44,開倉,-1.0,30430.995957006733,-0.05386178474854528,30430.995957006733,-0.05386178474854528,,,,
2023-07-11 05:14,平倉,,,,,,30678.952413081388,0.05386178474854528,-15.007800395289435,0.0
2023-07-11 14:59,開倉,-1.0,30606.489100000003,-0.053009321124813796,30606.489100000003,-0.053009321124813796,,,,
2023-07-11 17:29,平倉,,,,,,30433.248302231295,0.053009321124813796,7.570131248716148,0.0
2023-07-11 23:14,開倉,-1.0,30584.600050000005,-0.05324162927523731,30584.600050000005,-0.05324162927523731,,,,
2023-07-12 01:44,平倉,,,,,,30624.15612771093,0.05324162927523731,-3.7365099924860656,0.0
2023-07-12 14:29,開倉,-1.0,30712.93585,-0.05284456503384355,30712.93585,-0.05284456503384355,,,,
2023-07-12 16:59,平倉,,,,,,30735.960299999995,0.05284456503384355,-2.8409454983441202,0.0
2023-07-12 21:14,開倉,-1.0,30806.289150000004,-0.05253959679366177,30806.289150000004,-0.05253959679366177,,,,
2023-07-12 23:44,平倉,,,,,,30533.6592,0.05253959679366177,12.719641503873397,0.0
2023-07-12 23:44,開倉,1.0,30533.6592,0.05342550009136876,30533.6592,0.05342550009136876,,,,
2023-07-13 02:14,平倉,,,,,,30433.384725914788,-0.05342550009136876,-6.983132722856382,0.0
2023-07-13 11:29,開倉,1.0,30312.59771223387,0.05353078980047067,30312.59771223387,0.05353078980047067,,,,
2023-07-13 13:59,平倉,,,,,,30310.44946625381,-0.05353078980047067,-1.737539603134167,0.0
2023-07-13 17:14,開倉,-1.0,30503.118629100998,-0.053033165327630596,30503.118629100998,-0.053033165327630596,,,,
2023-07-13 19:44,平倉,,,,,,30568.106848306543,0.053033165327630596,-5.06765443771487,0.0
2023-07-13 23:29,開倉,-1.0,30788.725559718237,-0.05232418410549145,30788.725559718237,-0.05232418410549145,,,,
2023-07-14 01:59,平倉,,,,,,31073.1288,0.05232418410549145,-16.50704361676604,0.0
2023-07-14 02:14,開倉,-1.0,31370.207050000005,-0.05077703065457139,31370.207050000005,-0.05077703065457139,,,,
2023-07-14 04:44,平倉,,,,,,31460.42235,0.05077703065457139,-6.1783318836828744,0.0
2023-07-14 14:59,開倉,1.0,31300.942649999997,0.050691909253630665,31300.942649999997,0.050691909253630665,,,,
2023-07-14 17:29,平倉,,,,,,31192.771308451902,-0.050691909253630665,-7.0646329621368364,0.0
2023-07-15 01:14,開倉,1.0,31039.462378441618,0.050840084211241705,31039.462378441618,0.050840084211241705,,,,
2023-07-15 02:29,平倉,,,,,,30388.269659477613,-0.050840084211241705,-34.65163485839921,0.0
2023-07-15 02:29,開倉,1.0,30370.58840865165,0.05076625654611844,30370.588408651653,0.05076625654611844,,,,
2023-07-15 04:59,平倉,,,,,,30157.01395,-0.05076625654611844,-12.373334466458708,0.0
2023-07-15 22:29,開倉,1.0,30306.70593539766,0.05041389165652618,30306.70593539766,0.05041389165652618,,,,
2023-07-16 00:59,平倉,,,,,,30271.392588121977,-0.05041389165652618,-3.306381969815254,0.0
2023-07-16 08:14,開倉,-1.0,30380.652890042278,-0.05008187400513147,30380.65289004228,-0.05008187400513147,,,,
2023-07-16 10:44,平倉,,,,,,30382.211313039566,0.05008187400513147,-1.599646823173637,0.0
2023-07-17 02:59,開倉,1.0,30291.121876142097,0.050177064757837016,30291.121876142097,0.050177064757837016,,,,
2023-07-17 05:29,平倉,,,,,,30292.787294097638,-0.050177064757837016,-1.4364373651472864,0.0
2023-07-17 07:29,開倉,1.0,30228.242866609227,0.05018359007942192,30228.242866609227,0.05018359007942192,,,,
2023-07-17 09:59,平倉,,,,,,30277.809445178435,-0.05018359007942192,0.9679796828568696,0.0
2023-07-17 17:14,開倉,1.0,30248.707314529634,0.05013148087666279,30248.707314529634,0.05013148087666279,,,,
2023-07-17 19:44,平倉,,,,,,30200.266754948916,-0.05013148087666279,-3.9423810815714653,0.0
2023-07-17 20:14,開倉,1.0,30107.5705139359,0.05018508446611781,30107.5705139359,0.05018508446611781,,,,
2023-07-17 22:44,平倉,,,,,,30248.702261800558,-0.05018508446611781,5.564675009439696,0.0
2023-07-18 02:14,開倉,1.0,30036.805755439003,0.05043834329618372,30036.805755439003,0.05043834329618372,,,,
2023-07-18 04:44,平倉,,,,,,29938.361394778094,-0.05043834329618372,-6.475411808343298,0.0
2023-07-18 14:44,開倉,1.0,29981.367777522613,0.050264961814237945,29981.367777522613,0.050264961814237945,,,,
2023-07-18 17:14,平倉,,,,,,30046.879628997856,-0.050264961814237945,1.7826454555945368,0.0
2023-07-18 19:59,開倉,1.0,29942.87476976718,0.05033878974651343,29942.874769767175,0.05033878974651343,,,,
2023-07-18 22:29,平倉,,,,,,29941.977821670094,-0.05033878974651343,-1.5523942078323094,0.0
2023-07-19 08:59,開倉,-1.0,30112.572928876376,-0.04990352015872716,30112.57292887638,-0.04990352015872716,,,,
2023-07-19 11:29,平倉,,,,,,30119.01799156428,0.04990352015872716,-1.8246763372730044,0.0
2023-07-19 15:44,開倉,1.0,30013.43817000526,0.05000752640821116,30013.43817000526,0.05000752640821116,,,,
2023-07-19 18:14,平倉,,,,,,30018.048087290204,-0.05000752640821116,-1.2705977720816795,0.0
2023-07-19 21:14,開倉,1.0,29914.612865747116,0.0500800370470908,29914.612865747116,0.0500800370470908,,,,
2023-07-19 23:44,平倉,,,,,,29875.76870439929,-0.0500800370470908,-3.4414966428890335,0.0
2023-07-20 13:44,開倉,-1.0,30140.597465238556,-0.049491069123671245,30140.597465238556,-0.049491069123671245,,,,
2023-07-20 16:14,平倉,,,,,,30217.00592412582,0.049491069123671245,-5.277008249324105,0.0
2023-07-20 17:44,開倉,-1.0,30338.12335,-0.04894584484205704,30338.12335,-0.04894584484205704,,,,
2023-07-20 20:14,平倉,,,,,,30298.299666953953,0.04894584484205704,0.4662279369342581,0.0
2023-07-20 22:29,開倉,1.0,30137.23190417938,0.049287590327916464,30137.231904179385,0.049287590327916464,,,,
2023-07-21 00:59,平倉,,,,,,29701.851183530853,-0.049287590327916464,-22.922799269112524,0.0
2023-07-21 15:44,開倉,1.0,29799.77838551127,0.04902624193731278,29799.77838551127,0.04902624193731278,,,,
2023-07-21 18:14,平倉,,,,,,29778.412161721935,-0.04902624193731278,-2.507429295932212,0.0
2023-07-22 02:14,開倉,-1.0,30018.18107454331,-0.04848876365716678,30018.18107454331,-0.04848876365716678,,,,
2023-07-22 04:44,平倉,,,,,,29915.824494058514,0.04848876365716678,3.512562696381393,0.0
2023-07-22 13:14,開倉,1.0,29897.19349745563,0.048802534157847834,29897.193497455635,0.048802534157847834,,,,
2023-07-22 15:44,平倉,,,,,,29956.354260394823,-0.048802534157847834,1.4252491521065227,0.0
2023-07-23 02:14,開倉,1.0,29827.897371307932,0.048914778073737994,29827.897371307932,0.048914778073737994,,,,
2023-07-23 04:44,平倉,,,,,,29824.983996835595,-0.048914778073737994,-1.6013895390180448,0.0
2023-07-23 07:29,開倉,1.0,29708.38773178065,0.04900848368959577,29708.38773178065,0.04900848368959577,,,,
2023-07-23 09:59,平倉,,,,,,29816.025851648847,-0.04900848368959577,3.8139428253001215,0.0
2023-07-23 13:29,開倉,-1.0,29952.017219020312,-0.0486399493672143,29952.017219020312,-0.0486399493672143,,,,
2023-07-23 15:59,平倉,,,,,,29929.073095948967,0.0486399493672143,-0.3397476155292336,0.0
2023-07-23 21:29,開倉,1.0,29885.131913297446,0.04873743532669692,29885.131913297446,0.04873743532669692,,,,
2023-07-23 23:59,平倉,,,,,,29883.218492551834,-0.04873743532669692,-1.5496866484763139,0.0
2023-07-24 01:29,開倉,-1.0,29966.161013235487,-0.04845679692506041,29966.161013235487,-0.04845679692506041,,,,
2023-07-24 03:59,平倉,,,,,,30098.0415,0.04845679692506041,-7.848960650333623,0.0
2023-07-24 09:44,開倉,1.0,29895.726509088014,0.04830828558842773,29895.726509088014,0.04830828558842773,,,,
2023-07-24 12:14,平倉,,,,,,29729.66589022035,-0.04830828558842773,-9.458292991523502,0.0
2023-07-24 17:59,開倉,1.0,29247.49227213711,0.0490060250362819,29247.49227213711,0.0490060250362819,,,,
2023-07-24 20:29,平倉,,,,,,29195.160215331063,-0.0490060250362819,-3.9953248384880933,0.0
2023-07-25 09:44,開倉,1.0,29077.012219789645,0.049106558309794206,29077.01221978964,0.049106558309794206,,,,
2023-07-25 12:14,平倉,,,,,,29102.108745150657,-0.049106558309794206,-0.19670041401776794,0.0
2023-07-25 21:44,開倉,-1.0,29303.04115,-0.04862365889640786,29303.04115,-0.04862365889640786,,,,
2023-07-26 00:14,平倉,,,,,,29260.498190376373,0.04862365889640786,0.6458418740351257,0.0
2023-07-26 09:14,開倉,1.0,29166.42143747736,0.04887357352742309,29166.42143747736,0.04887357352742309,,,,
2023-07-26 11:44,平倉,,,,,,29234.841032127497,-0.04887357352742309,1.9150989371038236,0.0
2023-07-26 17:44,開倉,1.0,29187.436026360778,0.04885516898020069,29187.43602636078,0.04885516898020069,,,,
2023-07-26 20:14,平倉,,,,,,29177.818927402517,-0.04885516898020069,-1.89533226887726,0.0
2023-07-26 21:44,開倉,-1.0,29292.22562029009,-0.048518411142577794,29292.225620290086,-0.048518411142577794,,,,
2023-07-27 00:14,平倉,,,,,,29343.851899773057,0.048518411142577794,-3.92854212469651,0.0
2023-07-27 02:44,開倉,-1.0,29375.305,-0.04819916478936807,29375.305,-0.04819916478936807,,,,
2023-07-27 05:14,平倉,,,,,,29637.375784471107,0.04819916478936807,-14.06008968656199,0.0
2023-07-27 05:14,開倉,-1.0,29607.753219968894,-0.04729831875972555,29607.753219968898,-0.04729831875972555,,,,
2023-07-27 07:44,平倉,,,,,,29315.84585484861,0.04729831875972555,12.420137381817407,0.0
2023-07-27 17:59,開倉,-1.0,29532.508275641703,-0.04779178141409511,29532.508275641707,-0.04779178141409511,,,,
2023-07-27 20:29,平倉,,,,,,29498.65994831466,0.04779178141409511,0.2078783525883825,0.0
2023-07-27 22:29,開倉,1.0,29397.205191037036,0.048018821979533215,29397.20519103704,0.048018821979533215,,,,
2023-07-28 00:59,平倉,,,,,,29277.41836390195,-0.048018821979533215,-7.15788946812948,0.0
2023-07-28 15:59,開倉,1.0,29154.60364047183,0.048124316374904455,29154.60364047183,0.048124316374904455,,,,
2023-07-28 18:29,平倉,,,,,,29256.949912677235,-0.048124316374904455,3.517373669642656,0.0
2023-07-28 22:29,開倉,-1.0,29435.51419902066,-0.047689205862914565,29435.514199020665,-0.047689205862914565,,,,
2023-07-29 00:59,平倉,,,,,,29430.413297602438,0.047689205862914565,-1.1602551005597466,0.0
2023-07-29 15:29,開倉,1.0,29349.132369148287,0.04779001449852907,29349.132369148283,0.04779001449852907,,,,
2023-07-29 17:59,平倉,,,,,,29304.1728232803,-0.04779001449852907,-3.5490641929701696,0.0
2023-07-30 10:14,開倉,1.0,29344.179138000403,0.04762925278583365,29344.179138000403,0.04762925278583365,,,,
2023-07-30 12:44,平倉,,,,,,29319.566032715356,-0.04762925278583365,-2.5687728356089794,0.0
2023-07-30 14:14,開倉,1.0,29315.868621666326,0.04753988178122569,29315.868621666326,0.04753988178122569,,,,
2023-07-30 16:44,平倉,,,,,,29296.211383141726,-0.04753988178122569,-2.3272412213971934,0.0
2023-07-30 22:59,開倉,-1.0,29378.389993041845,-0.0472647037085272,29378.38999304184,-0.0472647037085272,,,,
2023-07-31 01:29,平倉,,,,,,29403.3560966829,0.0472647037085272,-2.5697564052970225,0.0
2023-07-31 03:59,開倉,1.0,29224.529519868793,0.047425566135331915,29224.529519868793,0.047425566135331915,,,,
2023-07-31 06:29,平倉,,,,,,29149.21836349819,-0.047425566135331915,-4.9540924104737325,0.0
2023-07-31 08:44,開倉,-1.0,29479.708613099494,-0.04675309604214619,29479.708613099494,-0.04675309604214619,,,,
2023-07-31 11:14,平倉,,,,,,29429.407349999998,0.04675309604214619,0.9758238764340208,0.0
2023-07-31 22:44,開倉,1.0,29325.255299999997,0.04703263266103046,29325.255299999993,0.04703263266103046,,,,
2023-08-01 01:14,平倉,,,,,,29213.95924006659,-0.04703263266103046,-6.608556116980177,0.0
2023-08-01 10:14,開倉,1.0,28955.262554409164,0.04735761465336097,28955.262554409164,0.04735761465336097,,,,
2023-08-01 12:44,平倉,,,,,,28879.147936672984,-0.04735761465336097,-4.9722542957402815,0.0
2023-08-01 19:59,開倉,1.0,28877.54078208373,0.04726529514141348,28877.540782083735,0.04726529514141348,,,,
2023-08-01 22:29,平倉,,,,,,28847.86736165455,-0.04726529514141348,-2.76602593948968,0.0
2023-08-01 23:29,開倉,1.0,28794.74531843043,0.04725766719177009,28794.74531843043,0.04725766719177009,,,,
2023-08-02 01:59,平倉,,,,,,29004.799450547453,-0.04725766719177009,8.555969108444415,0.0
2023-08-02 02:29,開倉,-1.0,29103.977544783407,-0.04695591850294062,29103.977544783407,-0.04695591850294062,,,,
2023-08-02 04:59,平倉,,,,,,29276.821943243907,0.04695591850294062,-9.490787552993103,0.0
2023-08-02 07:44,開倉,-1.0,29472.394760815012,-0.04600074224887486,29472.394760815012,-0.04600074224887486,,,,
2023-08-02 10:14,平倉,,,,,,29827.40625,0.04600074224887486,-17.70287483624659,0.0
2023-08-02 16:29,開倉,1.0,29448.016649999998,0.04543736594616412,29448.016649999998,0.04543736594616412,,,,
2023-08-02 18:59,平倉,,,,,,29510.237500000003,-0.04543736594616412,1.4862840704859046,0.0
2023-08-02 22:14,開倉,1.0,29360.88313849674,0.045577260754928045,29360.88313849674,0.045577260754928045,,,,
2023-08-03 00:44,平倉,,,,,,29347.967313810936,-0.045577260754928045,-1.926267868458583,0.0
2023-08-03 00:59,開倉,1.0,29083.33397212617,0.04589991434111845,29083.33397212617,0.04589991434111845,,,,
2023-08-03 03:29,平倉,,,,,,29201.307440350978,-0.04589991434111845,4.0746345758826195,0.0
2023-08-03 14:59,開倉,1.0,29111.563669080748,0.045949562695228374,29111.563669080748,0.045949562695228374,,,,
2023-08-03 17:29,平倉,,,,,,29133.133148668916,-0.045949562695228374,-0.34754657348321605,0.0
2023-08-03 22:44,開倉,-1.0,29290.169940114356,-0.04556621760770109,29290.169940114356,-0.04556621760770109,,,,
2023-08-04 01:14,平倉,,,,,,29361.273299999997,0.04556621760770109,-4.577793337614791,0.0
2023-08-04 06:29,開倉,1.0,29187.886649999997,0.04556897836785795,29187.886649999997,0.04556897836785795,,,,
2023-08-04 08:59,平倉,,,,,,29207.389000000003,-0.04556897836785795,-0.442248712249939,0.0
2023-08-05 02:29,開倉,1.0,29134.918879940295,0.04559096195832657,29134.91887994029,0.04559096195832657,,,,
2023-08-05 04:59,平倉,,,,,,28956.456427660694,-0.04559096195832657,-9.45642757631018,0.0
2023-08-05 20:44,開倉,1.0,29038.086030381626,0.04537140870865006,29038.086030381623,0.04537140870865006,,,,
2023-08-05 23:14,平倉,,,,,,29048.673255700938,-0.04537140870865006,-0.8376218996752025,0.0
2023-08-06 08:14,開倉,1.0,29015.865864250827,0.04533184283473344,29015.865864250827,0.04533184283473344,,,,
2023-08-06 10:44,平倉,,,,,,29014.470910668315,-0.04533184283473344,-1.3785152518195545,0.0
2023-08-06 20:44,開倉,1.0,29050.544713810228,0.04518495192264187,29050.544713810228,0.04518495192264187,,,,
2023-08-06 23:14,平倉,,,,,,29032.63024996656,-0.04518495192264187,-2.121302189528552,0.0
2023-08-07 04:59,開倉,-1.0,29113.136150000002,-0.0449248488836771,29113.136150000002,-0.0449248488836771,,,,
2023-08-07 07:29,平倉,,,,,,29097.04125,0.0449248488836771,-0.5841192308203086,0.0
2023-08-07 22:29,開倉,1.0,29014.43650044609,0.04505752958825415,29014.43650044609,0.04505752958825415,,,,
2023-08-08 00:59,平倉,,,,,,28915.83485,-0.04505752958825415,-5.745622866748316,0.0
2023-08-08 13:44,開倉,-1.0,29258.363500000003,-0.044396288616074156,29258.363500000003,-0.044396288616074156,,,,
2023-08-08 16:14,平倉,,,,,,29183.99879479387,0.044396288616074156,2.005855681715856,0.0
2023-08-08 18:59,開倉,-1.0,29272.23961377235,-0.04439937999323414,29272.23961377235,-0.04439937999323414,,,,
2023-08-08 21:29,平倉,,,,,,29495.7405,0.04439937999323414,-11.232893367087266,0.0
2023-08-09 01:14,開倉,-1.0,29686.35136964469,-0.04335807312465499,29686.351369644686,-0.04335807312465499,,,,
2023-08-09 03:44,平倉,,,,,,29868.245362651647,0.04335807312465499,-9.181602616270284,0.0
2023-08-09 19:59,開倉,-1.0,29862.061500000003,-0.0427525568605604,29862.0615,-0.0427525568605604,,,,
2023-08-09 22:29,平倉,,,,,,29883.83445,0.0427525568605604,-2.2084596144322806,0.0
2023-08-10 00:59,開倉,1.0,29510.65313765253,0.04318677437543056,29510.65313765253,0.04318677437543056,,,,
2023-08-10 03:29,平倉,,,,,,29498.2435,-0.04318677437543056,-1.8098662078866876,0.0
2023-08-10 13:14,開倉,1.0,29529.45735,0.04305477155789029,29529.45735,0.04305477155789029,,,,
2023-08-10 15:44,平倉,,,,,,29502.2586578268,-0.04305477155789029,-2.4412464851451268,0.0
2023-08-10 21:59,開倉,-1.0,29654.9651,-0.04270456948055217,29654.9651,-0.04270456948055217,,,,
2023-08-11 00:29,平倉,,,,,,29445.49822657758,0.04270456948055217,7.687735325035467,0.0
2023-08-11 10:29,開倉,1.0,29433.25417809282,0.04328757157997383,29433.25417809282,0.04328757157997383,,,,
2023-08-11 12:59,平倉,,,,,,29402.991407371253,-0.04328757157997383,-2.5827859490300273,0.0
2023-08-11 22:14,開倉,-1.0,29497.696589701947,-0.04301914504518688,29497.696589701947,-0.04301914504518688,,,,
2023-08-12 00:44,平倉,,,,,,29313.622918936107,0.04301914504518688,6.657644945526011,0.0
2023-08-12 00:44,開倉,1.0,29313.622918936107,0.04351651331888655,29313.622918936107,0.04351651331888655,,,,
2023-08-12 03:14,平倉,,,,,,29339.07588348007,-0.04351651331888655,-0.16911001586483265,0.0
2023-08-12 11:44,開倉,1.0,29385.740733613005,0.043360526953565716,29385.740733613005,0.043360526953565716,,,,
2023-08-12 14:14,平倉,,,,,,29382.46314147883,-0.043360526953565716,-1.4161572070849116,0.0
2023-08-13 00:14,開倉,-1.0,29460.206882722552,-0.04311642041466238,29460.206882722552,-0.04311642041466238,,,,
2023-08-13 02:44,平倉,,,,,,29463.11140006323,0.04311642041466238,-1.395576288611489,0.0
2023-08-13 08:59,開倉,-1.0,29459.088077335084,-0.043027611719489045,29459.088077335084,-0.043027611719489045,,,,
2023-08-13 11:29,平倉,,,,,,29445.33093430324,0.043027611719489045,-0.6750252576494818,0.0
2023-08-14 01:29,開倉,-1.0,29450.01141476667,-0.04297494413180041,29450.01141476667,-0.04297494413180041,,,,
2023-08-14 03:59,平倉,,,,,,29494.690787225907,0.04297494413180041,-3.1876262240453013,0.0
2023-08-14 06:44,開倉,1.0,29347.33946515429,0.04301662087661577,29347.33946515429,0.04301662087661577,,,,
2023-08-14 09:14,平倉,,,,,,29320.390245972572,-0.04301662087661577,-2.4205284556262505,0.0
2023-08-14 10:14,開倉,1.0,29221.373926100412,0.043075954792068646,29221.373926100412,0.043075954792068646,,,,
2023-08-14 12:44,平倉,,,,,,29436.965907243444,-0.043075954792068646,8.018805020613685,0.0
2023-08-14 20:29,開倉,1.0,29381.600306784178,0.04307124239186732,29381.600306784178,0.04307124239186732,,,,
2023-08-14 22:59,平倉,,,,,,29508.93815,-0.04307124239186732,4.213612483021093,0.0
2023-08-14 22:59,開倉,-1.0,29508.93815,-0.042942371868426796,29508.93815,-0.042942371868426796,,,,
2023-08-15 01:29,平倉,,,,,,29560.47285,0.042942371868426796,-3.482419069258899,0.0
2023-08-15 23:44,開倉,1.0,29358.172781325404,0.04304421957492193,29358.172781325404,0.04304421957492193,,,,
2023-08-16 02:14,平倉,,,,,,29324.405099331674,-0.04304421957492193,-2.715749650273829,0.0
2023-08-16 03:14,開倉,1.0,29199.308095929027,0.043142056392872635,29199.308095929027,0.043142056392872635,,,,
2023-08-16 05:44,平倉,,,,,,29229.905108493913,-0.043142056392872635,0.05897982697876336,0.0
2023-08-16 13:44,開倉,1.0,29193.73131099006,0.043109147109775134,29193.731310990064,0.043109147109775134,,,,
2023-08-16 16:14,平倉,,,,,,29259.266492867708,-0.043109147109775134,1.5638237728640538,0.0
2023-08-16 20:29,開倉,1.0,29150.62904498724,0.0431833671717537,29150.62904498724,0.0431833671717537,,,,
2023-08-16 22:59,平倉,,,,,,29155.966023430465,-0.0431833671717537,-1.0285840863354436,0.0
2023-08-17 00:14,開倉,1.0,29059.37998922022,0.04324021254742934,29059.37998922022,0.04324021254742934,,,,
2023-08-17 02:44,平倉,,,,,,29193.795800000004,-0.04324021254742934,4.549822292394689,0.0
2023-08-17 04:29,開倉,1.0,28982.483999999997,0.04346862409722452,28982.483999999997,0.04346862409722452,,,,
2023-08-17 06:59,平倉,,,,,,28904.50524290737,-0.04346862409722452,-4.646068352748394,0.0
2023-08-17 07:44,開倉,1.0,28774.0353813768,0.043578171632044124,28774.035381376798,0.043578171632044124,,,,
2023-08-17 10:14,平倉,,,,,,28585.972163270293,-0.043578171632044124,-9.441175597519642,0.0
2023-08-17 16:59,開倉,1.0,28570.16822429958,0.04351459885143838,28570.16822429958,0.04351459885143838,,,,
2023-08-17 19:29,平倉,,,,,,28490.89140059371,-0.04351459885143838,-4.68946889199386,0.0
2023-08-17 19:29,開倉,1.0,28519.39654456629,0.0433839388157987,28519.396544566294,0.0433839388157987,,,,
2023-08-17 21:59,平倉,,,,,,28386.0892375189,-0.0433839388157987,-7.014896411343386,0.0
2023-08-17 21:59,開倉,1.0,28414.489526901103,0.04325354665735652,28414.489526901107,0.04325354665735652,,,,
2023-08-18 00:29,平倉,,,,,,27950.696396372132,-0.04325354665735652,-21.269664561382545,0.0
2023-08-18 00:29,開倉,1.0,27978.661075107866,0.04312277502851339,27978.661075107866,0.04312277502851339,,,,
2023-08-18 02:59,平倉,,,,,,27916.037585576567,-0.04312277502851339,-3.904315659049018,0.0
2023-08-18 05:44,開倉,1.0,25243.36188307491,0.047592873093644544,25243.36188307491,0.047592873093644544,,,,
2023-08-18 06:59,平倉,,,,,,26479.037693393348,-0.047592873093644544,57.54914854478824,0.0
2023-08-18 20:59,開倉,1.0,26370.62477356527,0.04769625474013831,26370.62477356527,0.04769625474013831,,,,
2023-08-18 23:29,平倉,,,,,,26100.56052661236,-0.04769625474013831,-14.125952102607245,0.0
2023-08-18 23:59,開倉,1.0,26012.034313538068,0.047762070350815714,26012.034313538068,0.047762070350815714,,,,
2023-08-19 02:29,平倉,,,,,,26091.04415787701,-0.047762070350815714,2.527511457128851,0.0
2023-08-19 13:44,開倉,1.0,25939.172598426838,0.04794579987228136,25939.172598426838,0.04794579987228136,,,,
2023-08-19 16:14,平倉,,,,,,26028.763895116248,-0.04794579987228136,3.0475564767305405,0.0
2023-08-19 23:59,開倉,-1.0,26203.47597722532,-0.0474835593050233,26203.47597722532,-0.0474835593050233,,,,
2023-08-20 02:29,平倉,,,,,,26154.289601105804,0.0474835593050233,1.093645446115375,0.0
2023-08-20 08:44,開倉,-1.0,26233.895470480016,-0.047422762410456114,26233.895470480016,-0.047422762410456114,,,,
2023-08-20 11:14,平倉,,,,,,26175.775366719856,0.047422762410456114,1.514888295763719,0.0
2023-08-20 22:59,開倉,1.0,26088.67919090511,0.04774482559786456,26088.67919090511,0.04774482559786456,,,,
2023-08-21 01:29,平倉,,,,,,26136.477535893977,-0.04774482559786456,1.0342420836662574,0.0
2023-08-21 04:44,開倉,-1.0,26282.198007349907,-0.04733786759673583,26282.198007349907,-0.04733786759673583,,,,
2023-08-21 07:14,平倉,,,,,,26175.39039847192,0.04733786759673583,3.8169572824142826,0.0
2023-08-21 10:44,開倉,1.0,26149.29641008797,0.047724499195853226,26149.29641008797,0.047724499195853226,,,,
2023-08-21 13:14,平倉,,,,,,26085.384614644223,-0.047724499195853226,-4.295070347325707,0.0
2023-08-21 14:59,開倉,1.0,26057.569237181848,0.04767966882281253,26057.569237181848,0.04767966882281253,,,,
2023-08-21 17:29,平倉,,,,,,26116.153531579675,-0.04767966882281253,1.5480702037951344,0.0
2023-08-21 23:29,開倉,1.0,25888.61416947565,0.04800264974325248,25888.614169475655,0.04800264974325248,,,,
2023-08-22 01:59,平倉,,,,,,26096.755078788112,-0.04800264974325248,8.738601773485424,0.0
2023-08-22 21:59,開倉,1.0,26032.797430978604,0.04802486975382897,26032.797430978604,0.04802486975382897,,,,
2023-08-23 00:29,平倉,,,,,,25921.965832480437,-0.04802486975382897,-6.567572115351229,0.0
2023-08-23 00:29,開倉,1.0,25947.900765779563,0.047880559373451974,25947.900765779563,0.047880559373451974,,,,
2023-08-23 02:59,平倉,,,,,,25941.247030038947,-0.047880559373451974,-1.560666007826986,0.0
2023-08-23 03:59,開倉,1.0,25831.878731893634,0.047987045330845496,25831.878731893634,0.047987045330845496,,,,
2023-08-23 06:29,平倉,,,,,,25758.90585699357,-0.047987045330845496,-4.737846438784031,0.0
2023-08-23 08:14,開倉,-1.0,26223.368716869827,-0.04699556794906853,26223.368716869827,-0.04699556794906853,,,,
2023-08-23 10:44,平倉,,,,,,26134.138428494774,0.04699556794906853,2.965239402138076,0.0
2023-08-23 19:14,開倉,1.0,25993.686235513786,0.04752495731172716,25993.686235513786,0.04752495731172716,,,,
2023-08-23 21:44,平倉,,,,,,25863.037393229544,-0.04752495731172716,-7.438220400449977,0.0
2023-08-24 00:14,開倉,-1.0,26260.883527840946,-0.04666426639874881,26260.883527840946,-0.04666426639874881,,,,
2023-08-24 02:44,平倉,,,,,,26513.660266670817,0.04666426639874881,-13.03288158605389,0.0
2023-08-24 21:29,開倉,1.0,26393.18756096109,0.04593630323313637,26393.18756096109,0.04593630323313637,,,,
2023-08-24 23:59,平倉,,,,,,25984.17180939271,-0.04593630323313637,-19.982288386672558,0.0
2023-08-24 23:59,開倉,1.0,26010.168979787293,0.04579747931719912,26010.16897978729,0.04579747931719912,,,,
2023-08-25 02:29,平倉,,,,,,26074.35340942601,-0.04579747931719912,1.745345427888008,0.0
2023-08-25 12:59,開倉,1.0,26068.955375405847,0.0457154719493525,26068.955375405847,0.0457154719493525,,,,
2023-08-25 15:29,平倉,,,,,,26048.984011420536,-0.0457154719493525,-2.1038419279440093,0.0
2023-08-25 22:44,開倉,1.0,25943.200435588966,0.04580997463437619,25943.200435588966,0.04580997463437619,,,,
2023-08-26 01:14,平倉,,,,,,26033.793279985835,-0.04580997463437619,2.9574484940838417,0.0
2023-08-26 15:44,開倉,1.0,26069.13934471453,0.04565656018735996,26069.13934471453,0.04565656018735996,,,,
2023-08-26 18:14,平倉,,,,,,26066.189171607002,-0.04565656018735996,-1.3247872908156062,0.0
2023-08-26 20:44,開倉,1.0,26046.406114469875,0.04559980184126857,26046.40611446988,0.04559980184126857,,,,
2023-08-26 23:14,平倉,,,,,,26057.025079595176,-0.04559980184126857,-0.7039724747296157,0.0
2023-08-27 07:14,開倉,1.0,26025.847908754004,0.04556310066748026,26025.847908754004,0.04556310066748026,,,,
2023-08-27 09:44,平倉,,,,,,26024.69856506811,-0.04556310066748026,-1.2381336226229744,0.0
2023-08-27 16:14,開倉,-1.0,26115.32563402553,-0.045268834825193886,26115.32563402553,-0.045268834825193886,,,,
2023-08-27 18:44,平倉,,,,,,26159.228793127633,0.045268834825193886,-3.1716426650879423,0.0
2023-08-27 22:44,開倉,-1.0,26157.887154909386,-0.04502881595353478,26157.887154909386,-0.04502881595353478,,,,
2023-08-28 01:14,平倉,,,,,,26244.937625147144,0.04502881595353478,-5.101558069039431,0.0
2023-08-28 06:14,開倉,1.0,26083.32493481496,0.04496185132873683,26083.32493481496,0.04496185132873683,,,,
2023-08-28 08:44,平倉,,,,,,26096.583964338137,-0.04496185132873683,-0.5772002142079862,0.0
2023-08-28 13:29,開倉,1.0,26037.92770244241,0.044973000981140265,26037.927702442412,0.044973000981140265,,,,
2023-08-28 15:59,平倉,,,,,,25921.011975707406,-0.044973000981140265,-6.423796790179771,0.0
2023-08-28 20:29,開倉,-1.0,26192.89033715309,-0.04437243509485358,26192.89033715309,-0.04437243509485358,,,,
2023-08-28 22:59,平倉,,,,,,26161.874410835415,0.04437243509485358,0.2153861031833173,0.0
2023-08-29 03:29,開倉,1.0,26033.870237693893,0.04465174827658877,26033.87023769389,0.04465174827658877,,,,
2023-08-29 05:59,平倉,,,,,,25990.0329133847,-0.04465174827658877,-3.1179135775217706,0.0
2023-08-29 14:59,開倉,1.0,26030.83651806213,0.04449243527504451,26030.83651806213,0.04449243527504451,,,,
2023-08-29 17:29,平倉,,,,,,26028.53441488376,-0.04449243527504451,-1.260499059418509,0.0
2023-08-29 22:14,開倉,-1.0,26193.316200524885,-0.04407995683151255,26193.31620052488,-0.04407995683151255,,,,
2023-08-29 22:29,平倉,,,,,,26743.913072333817,0.04407995683151255,-25.449156874637914,0.0
2023-08-29 22:29,開倉,-1.0,26916.535,-0.04190768953544075,26916.535,-0.04190768953544075,,,,
2023-08-29 22:44,平倉,,,,,,27482.334300000002,0.04190768953544075,-24.863062537323398,0.0
2023-08-29 22:44,開倉,-1.0,27523.2315,-0.04004005544757766,27523.2315,-0.04004005544757766,,,,
2023-08-30 01:14,平倉,,,,,,27936.161099999998,0.04004005544757766,-17.65228951938236,0.0
2023-08-30 10:29,開倉,1.0,27370.478399999996,0.039618255264694965,27370.478399999996,0.039618255264694965,,,,
2023-08-30 12:59,平倉,,,,,,27414.0861,-0.039618255264694965,0.6415627291482757,0.0
2023-08-30 19:44,開倉,1.0,27345.60152822022,0.03963809571256528,27345.601528220224,0.03963809571256528,,,,
2023-08-30 22:14,平倉,,,,,,27349.9182,-0.03963809571256528,-0.912994026175949,0.0
2023-08-30 22:44,開倉,1.0,27235.188081796572,0.0397254334130608,27235.188081796572,0.0397254334130608,,,,
2023-08-31 01:14,平倉,,,,,,27182.95104089223,-0.0397254334130608,-3.1549936016862796,0.0
2023-08-31 19:44,開倉,-1.0,27441.97215,-0.03923236460571744,27441.97215,-0.03923236460571744,,,,
2023-08-31 22:14,平倉,,,,,,27107.483140816363,0.03923236460571744,12.059304102773837,0.0
2023-08-31 22:14,開倉,1.0,27107.483140816363,0.040161559273409954,27107.48314081636,0.040161559273409954,,,,
2023-09-01 00:44,平倉,,,,,,26538.781420550764,-0.040161559273409954,-23.90578669040243,0.0
2023-09-01 00:44,開倉,1.0,26519.745506630246,0.04010867404187084,26519.745506630243,0.04010867404187084,,,,
2023-09-01 03:14,平倉,,,,,,26121.629691839822,-0.04010867404187084,-17.015601377095262,0.0
2023-09-01 14:59,開倉,1.0,26019.22669463142,0.04018503422980827,26019.226694631416,0.04018503422980827,,,,
2023-09-01 17:29,平倉,,,,,,26032.288060642,-0.04018503422980827,-0.5212369465737312,0.0
2023-09-01 22:14,開倉,1.0,25942.582915833387,0.04024332946614791,25942.582915833384,0.04024332946614791,,,,
2023-09-02 00:44,平倉,,,,,,25883.262851651434,-0.04024332946614791,-3.4288655614251464,0.0
2023-09-02 01:14,開倉,1.0,25713.071659344285,0.040428495177211594,25713.07165934429,0.040428495177211594,,,,
2023-09-02 03:44,平倉,,,,,,25665.934143175033,-0.040428495177211594,-2.943333939840475,0.0
2023-09-02 23:29,開倉,-1.0,25937.549613631967,-0.039885066415387596,25937.549613631967,-0.039885066415387596,,,,
2023-09-03 01:59,平倉,,,,,,25886.606451268228,0.039885066415387596,0.9993823967097795,0.0
2023-09-03 16:14,開倉,-1.0,25972.166131624508,-0.03983055409496492,25972.16613162451,-0.03983055409496492,,,,
2023-09-03 18:44,平倉,,,,,,25973.332903033333,0.03983055409496492,-1.081005392936331,0.0
2023-09-03 20:44,開倉,-1.0,26048.694151063217,-0.03963236424316201,26048.694151063213,-0.03963236424316201,,,,
2023-09-03 23:14,平倉,,,,,,25919.342982463782,0.03963236424316201,4.099247787186853,0.0
2023-09-03 23:44,開倉,1.0,25875.426344658554,0.04005625331607036,25875.426344658557,0.04005625331607036,,,,
2023-09-04 02:14,平倉,,,,,,25944.789983096238,-0.04005625331607036,1.739196392388897,0.0
2023-09-04 04:59,開倉,-1.0,26063.939266522302,-0.03975373942790826,26063.939266522302,-0.03975373942790826,,,,
2023-09-04 07:29,平倉,,,,,,25977.95259807651,0.03975373942790826,2.385570853213471,0.0
2023-09-04 11:14,開倉,-1.0,26074.33673754612,-0.03978961450089176,26074.33673754612,-0.03978961450089176,,,,
2023-09-04 13:44,平倉,,,,,,25998.187978740527,0.03978961450089176,1.9954718802001439,0.0
2023-09-04 23:14,開倉,1.0,25805.510419446196,0.04028148485083712,25805.510419446196,0.04028148485083712,,,,
2023-09-05 01:44,平倉,,,,,,25862.189424745884,-0.04028148485083712,1.2413471018175,0.0
2023-09-05 05:14,開倉,1.0,25787.60665376706,0.04031728321066837,25787.60665376706,0.04031728321066837,,,,
2023-09-05 07:44,平倉,,,,,,25809.411790743892,-0.04031728321066837,-0.16144148172580286,0.0
2023-09-05 10:59,開倉,1.0,25686.985932879223,0.04042842999223256,25686.985932879223,0.04042842999223256,,,,
2023-09-05 13:29,平倉,,,,,,25709.97700422828,-0.04042842999223256,-0.10992108693557057,0.0
2023-09-06 21:14,開倉,1.0,25713.115167407443,0.04034266272067675,25713.115167407443,0.04034266272067675,,,,
2023-09-06 23:44,平倉,,,,,,25643.251753593257,-0.04034266272067675,-3.8529931965773927,0.0
2023-09-07 15:29,開倉,1.0,25765.45538139592,0.040070813557150545,25765.45538139592,0.040070813557150545,,,,
2023-09-07 17:59,平倉,,,,,,25761.04585730814,-0.040070813557150545,-1.2089592831825795,0.0
2023-09-07 18:59,開倉,1.0,25753.77045,0.040001918866990234,25753.77045,0.040001918866990234,,,,
2023-09-07 21:29,平倉,,,,,,25684.833357920492,-0.040001918866990234,-3.78505858438642,0.0
2023-09-07 21:59,開倉,1.0,25671.239982368486,0.0399428531817858,25671.239982368486,0.0399428531817858,,,,
2023-09-08 00:29,平倉,,,,,,25825.53145358054,-0.0399428531817858,5.131296170632869,0.0
2023-09-08 00:44,開倉,-1.0,25874.541528654354,-0.039748010954352944,25874.541528654354,-0.039748010954352944,,,,
2023-09-08 03:14,平倉,,,,,,25859.68319472741,0.039748010954352944,-0.4372817512085744,0.0
2023-09-08 04:59,開倉,-1.0,25997.055565542083,-0.039504341062430864,25997.055565542083,-0.039504341062430864,,,,
2023-09-08 07:29,平倉,,,,,,26194.790849999998,0.039504341062430864,-8.846210069099683,0.0
2023-09-08 17:29,開倉,1.0,26096.334759666555,0.03901490098665078,26096.334759666555,0.03901490098665078,,,,
2023-09-08 19:59,平倉,,,,,,25816.0855,-0.03901490098665078,-11.941109137118211,0.0
2023-09-09 13:59,開倉,1.0,25858.680634867993,0.038872059880970304,25858.680634867993,0.038872059880970304,,,,
2023-09-09 16:29,平倉,,,,,,25876.409261830602,-0.038872059880970304,-0.3167210814324417,0.0
2023-09-09 21:44,開倉,1.0,25837.045983848446,0.03885342080108048,25837.045983848446,0.03885342080108048,,,,
2023-09-10 00:14,平倉,,,,,,25947.209716984056,-0.03885342080108048,3.272100022787943,0.0
2023-09-10 00:14,開倉,-1.0,25947.209716984056,-0.03873716608338194,25947.209716984056,-0.03873716608338194,,,,
2023-09-10 02:44,平倉,,,,,,25911.20870757889,0.03873716608338194,0.39085028537061417,0.0
2023-09-10 12:29,開倉,1.0,25797.135387282822,0.03897767729143905,25797.135387282822,0.03897767729143905,,,,
2023-09-10 14:59,平倉,,,,,,25840.846700776216,-0.03897767729143905,0.6965492876900101,0.0
2023-09-10 19:59,開倉,1.0,25812.289359722443,0.03894281853687684,25812.289359722443,0.03894281853687684,,,,
2023-09-10 22:29,平倉,,,,,,25790.807100532496,-0.03894281853687684,-1.8409464422318726,0.0
2023-09-10 23:14,開倉,1.0,25770.999420940378,0.038894716940038335,25770.999420940378,0.038894716940038335,,,,
2023-09-11 01:44,平倉,,,,,,25685.21757151759,-0.038894716940038335,-4.335480018879758,0.0
2023-09-11 01:44,開倉,1.0,25710.91563812241,0.038777896404302646,25710.91563812241,0.038777896404302646,,,,
2023-09-11 04:14,平倉,,,,,,25826.086238959084,-0.038777896404302646,3.4645923313629163,0.0
2023-09-11 05:14,開倉,-1.0,25869.952101675775,-0.0385963238550155,25869.952101675775,-0.0385963238550155,,,,
2023-09-11 07:44,平倉,,,,,,25854.135076874816,0.0385963238550155,-0.38739555877774345,0.0
2023-09-11 17:29,開倉,1.0,25690.564548252703,0.03885074065027075,25690.564548252703,0.03885074065027075,,,,
2023-09-11 19:59,平倉,,,,,,25590.630019062537,-0.03885074065027075,-4.876745405521697,0.0
2023-09-11 22:14,開倉,1.0,25387.27782500487,0.03908334272682652,25387.27782500487,0.03908334272682652,,,,
2023-09-12 00:44,平倉,,,,,,25207.38279192584,-0.03908334272682652,-8.016088013584612,0.0
2023-09-12 11:29,開倉,-1.0,25844.071500000002,-0.038005782207255076,25844.071500000002,-0.038005782207255076,,,,
2023-09-12 13:59,平倉,,,,,,25777.78245,0.038005782207255076,1.5396624114452555,0.0
2023-09-12 18:29,開倉,-1.0,26218.63574236092,-0.03748407514313975,26218.63574236092,-0.03748407514313975,,,,
2023-09-12 20:59,平倉,,,,,,26125.462797206954,0.03748407514313975,2.513212866819054,0.0
2023-09-13 01:59,開倉,1.0,25920.240370353495,0.038012602042197016,25920.240370353495,0.038012602042197016,,,,
2023-09-13 04:29,平倉,,,,,,26073.5567,-0.038012602042197016,4.836828890761178,0.0
2023-09-13 07:14,開倉,1.0,25867.056017946736,0.03823973011174281,25867.056017946736,0.03823973011174281,,,,
2023-09-13 09:44,平倉,,,,,,25920.0335,-0.03823973011174281,1.0346695301892463,0.0
2023-09-13 17:59,開倉,-1.0,26143.515149716783,-0.03779928130812201,26143.515149716783,-0.03779928130812201,,,,
2023-09-13 20:29,平倉,,,,,,26190.98895,0.03779928130812201,-2.7844760907298642,0.0
2023-09-14 00:29,開倉,-1.0,26346.034470891034,-0.037365596282878846,26346.034470891034,-0.037365596282878846,,,,
2023-09-14 02:59,平倉,,,,,,26113.05,0.037365596282878846,7.729873995479924,0.0
2023-09-14 08:59,開倉,-1.0,26486.46543609313,-0.03742203187035586,26486.46543609313,-0.03742203187035586,,,,
2023-09-14 11:29,平倉,,,,,,26262.424649999997,0.03742203187035586,7.4012681451917075,0.0
2023-09-14 19:59,開倉,-1.0,26418.3842,-0.03776098613285628,26418.3842,-0.03776098613285628,,,,
2023-09-14 22:29,平倉,,,,,,26675.03085,0.03776098613285628,-10.698506061714337,0.0
2023-09-14 22:29,開倉,-1.0,26648.369150000002,-0.03699641023520859,26648.369150000002,-0.03699641023520859,,,,
2023-09-15 00:59,平倉,,,,,,26572.173667430157,0.03699641023520859,1.8358842933822144,0.0
2023-09-15 08:14,開倉,1.0,26503.945349999998,0.037267311964737454,26503.945349999998,0.037267311964737454,,,,
2023-09-15 10:44,平倉,,,,,,26577.104800000005,-0.037267311964737454,1.7359987906177317,0.0
2023-09-15 16:14,開倉,1.0,26487.64867177302,0.03731850471246811,26487.64867177302,0.03731850471246811,,,,
2023-09-15 18:44,平倉,,,,,,26575.15160126791,-0.03731850471246811,2.273733566443378,0.0
2023-09-15 19:29,開倉,1.0,26488.411590471736,0.03736597550030218,26488.411590471736,0.03736597550030218,,,,
2023-09-15 21:59,平倉,,,,,,26336.258466258576,-0.03736597550030218,-6.669429900263233,0.0
2023-09-15 22:44,開倉,1.0,26278.120746095985,0.03737338461849404,26278.120746095985,0.03737338461849404,,,,
2023-09-16 01:14,平倉,,,,,,26322.00485745816,-0.03737338461849404,0.6563553611117285,0.0
2023-09-16 06:44,開倉,-1.0,26688.74895,-0.03674938529136356,26688.74895,-0.03674938529136356,,,,
2023-09-16 09:14,平倉,,,,,,26616.87627787531,0.03674938529136356,1.6631226782418627,0.0
2023-09-16 14:29,開倉,1.0,26481.70765759044,0.03709953622689907,26481.70765759044,0.03709953622689907,,,,
2023-09-16 16:59,平倉,,,,,,26483.151800000003,-0.03709953622689907,-0.9289356359661488,0.0
2023-09-17 00:14,開倉,1.0,26458.42954499076,0.03705989883185095,26458.42954499076,0.03705989883185095,,,,
2023-09-17 02:44,平倉,,,,,,26495.756990062095,-0.03705989883185095,0.4014212644701809,0.0
2023-09-17 08:14,開倉,1.0,26450.91964903932,0.03704851552116677,26450.91964903932,0.03704851552116677,,,,
2023-09-17 10:44,平倉,,,,,,26452.96283947128,-0.03704851552116677,-0.9043458319077184,0.0
2023-09-17 18:44,開倉,-1.0,26567.0013818362,-0.03677887634257907,26567.0013818362,-0.03677887634257907,,,,
2023-09-17 21:14,平倉,,,,,,26557.572149999996,0.03677887634257907,-0.62996111035478,0.0
2023-09-18 00:14,開倉,1.0,26469.874887332022,0.036890018820470175,26469.874887332022,0.036890018820470175,,,,
2023-09-18 02:44,平倉,,,,,,26446.26896040512,-0.036890018820470175,-1.846426448288642,0.0
2023-09-18 08:59,開倉,1.0,26413.284244391143,0.036862128226047855,26413.284244391143,0.036862128226047855,,,,
2023-09-18 11:29,平倉,,,,,,26577.775286818887,-0.036862128226047855,5.083776537421977,0.0
2023-09-18 11:44,開倉,-1.0,26603.485812755072,-0.03671642076820748,26603.485812755072,-0.03671642076820748,,,,
2023-09-18 14:14,平倉,,,,,,26668.837596670874,0.03671642076820748,-3.3786678588038903,0.0
2023-09-18 17:44,開倉,-1.0,26757.96019028839,-0.03634176511121365,26757.96019028839,-0.03634176511121365,,,,
2023-09-18 20:14,平倉,,,,,,27166.41871708797,0.03634176511121365,-15.831379446551953,0.0
2023-09-18 20:44,開倉,-1.0,27298.629656600253,-0.03500674235545174,27298.629656600253,-0.03500674235545174,,,,
2023-09-18 23:14,平倉,,,,,,27295.440899999998,0.03500674235545174,-0.8438964863253815,0.0
2023-09-19 01:29,開倉,1.0,26906.546549999995,0.03548548213259865,26906.546549999995,0.03548548213259865,,,,
2023-09-19 03:59,平倉,,,,,,26789.69845,-0.03548548213259865,-5.097056530463125,0.0
2023-09-19 16:44,開倉,-1.0,26965.1107,-0.03514870197982385,26965.1107,-0.03514870197982385,,,,
2023-09-19 19:14,平倉,,,,,,27103.845149999997,0.03514870197982385,-5.829000813069286,0.0
2023-09-19 23:59,開倉,-1.0,27396.295000000002,-0.03434826639109665,27396.295000000002,-0.03434826639109665,,,,
2023-09-20 02:29,平倉,,,,,,27094.377482501983,0.03434826639109665,9.439698423690638,0.0
2023-09-20 18:14,開倉,1.0,26963.615641715714,0.035249710941097835,26963.615641715714,0.035249710941097835,,,,
2023-09-20 20:44,平倉,,,,,,26981.940712574105,-0.035249710941097835,-0.30515216001465917,0.0
2023-09-21 03:29,開倉,1.0,26943.01899368829,0.03523003186452432,26943.01899368829,0.03523003186452432,,,,
2023-09-21 05:59,平倉,,,,,,27086.74985,-0.03523003186452432,4.109375587455055,0.0
2023-09-21 16:59,開倉,1.0,26930.558549999998,0.035363736261236525,26930.558549999998,0.035363736261236525,,,,
2023-09-21 19:29,平倉,,,,,,26727.264950236065,-0.035363736261236525,-8.134397194333422,0.0
2023-09-21 21:44,開倉,1.0,26432.93991384441,0.03568554490189332,26432.93991384441,0.03568554490189332,,,,
2023-09-22 00:14,平倉,,,,,,26546.463166341073,-0.03568554490189332,3.1038141210697257,0.0
2023-09-23 01:44,開倉,1.0,26556.2715,0.03560121324680524,26556.2715,0.03560121324680524,,,,
2023-09-23 04:14,平倉,,,,,,26532.5271,-0.03560121324680524,-1.7899196030811666,0.0
2023-09-23 08:14,開倉,-1.0,26670.433165543465,-0.035310882596192264,26670.433165543465,-0.035310882596192264,,,,
2023-09-23 10:44,平倉,,,,,,26615.997037214685,0.035310882596192264,0.9823533898471135,0.0
2023-09-23 21:29,開倉,1.0,26570.778749999998,0.03548030669218517,26570.778749999998,0.03548030669218517,,,,
2023-09-23 23:59,平倉,,,,,,26567.275662307362,-0.03548030669218517,-1.0669057141788276,0.0
2023-09-24 12:44,開倉,1.0,26571.032892967978,0.03540429658770754,26571.032892967978,0.03540429658770754,,,,
2023-09-24 15:14,平倉,,,,,,26545.270760172407,-0.03540429658770754,-1.8519068292204555,0.0
2023-09-25 00:29,開倉,1.0,26581.02339527275,0.03528587606882706,26581.02339527275,0.03528587606882706,,,,
2023-09-25 02:59,平倉,,,,,,26580.510609433408,-0.03528587606882706,-0.9560107007875005,0.0
2023-09-25 03:29,開倉,1.0,26457.518589210496,0.03537897183294861,26457.518589210496,0.03537897183294861,,,,
2023-09-25 05:59,平倉,,,,,,26506.427470602874,-0.03537897183294861,0.7925757862873838,0.0
2023-09-25 07:29,開倉,1.0,26246.526400777962,0.035657909732351944,26246.526400777962,0.035657909732351944,,,,
2023-09-25 09:59,平倉,,,,,,26208.950051409025,-0.035657909732351944,-2.2744504489817525,0.0
2023-09-25 14:14,開倉,1.0,26082.302318312235,0.03575927868301615,26082.302318312235,0.03575927868301615,,,,
2023-09-25 16:44,平倉,,,,,,26130.235345200654,-0.03575927868301615,0.7796520988616411,0.0
2023-09-26 00:14,開倉,-1.0,26332.227300000002,-0.035378668609042804,26332.227300000002,-0.035378668609042804,,,,
2023-09-26 02:44,平倉,,,,,,26347.06695,0.035378668609042804,-1.457131210068428,0.0
2023-09-26 19:14,開倉,1.0,26215.359515463133,0.035480775432180846,26215.359515463133,0.035480775432180846,,,,
2023-09-26 21:44,平倉,,,,,,26234.69130251494,-0.035480775432180846,-0.24492039554919287,0.0
2023-09-26 21:59,開倉,1.0,26202.49160687421,0.03545333201778752,26202.49160687421,0.03545333201778752,,,,
2023-09-27 00:29,平倉,,,,,,26285.01277789059,-0.03545333201778752,1.9937591894340778,0.0
2023-09-27 17:59,開倉,-1.0,26370.733599368927,-0.035232292302559275,26370.733599368927,-0.035232292302559275,,,,
2023-09-27 20:29,平倉,,,,,,26748.7677,0.035232292302559275,-14.261428336108752,0.0
2023-09-27 20:29,開倉,-1.0,26722.032300000003,-0.034200933884068294,26722.032300000003,-0.034200933884068294,,,,
2023-09-27 22:59,平倉,,,,,,26205.77932221036,0.034200933884068294,16.76007183485751,0.0
2023-09-28 08:29,開倉,-1.0,26513.736500000003,-0.03506698085494164,26513.736500000003,-0.03506698085494164,,,,
2023-09-28 10:59,平倉,,,,,,26385.08595,0.03506698085494164,3.586141069963147,0.0
2023-09-28 18:44,開倉,-1.0,26552.742997644677,-0.03511545856142661,26552.742997644677,-0.03511545856142661,,,,
2023-09-28 21:14,平倉,,,,,,26501.944349999998,0.03511545856142661,0.8531898777235627,0.0
2023-09-28 22:29,開倉,-1.0,26591.497600000002,-0.03506130336067398,26591.497600000002,-0.03506130336067398,,,,
2023-09-29 00:29,平倉,,,,,,27150.464448,0.03506130336067398,-20.550036896682137,0.0
2023-09-29 00:29,開倉,-1.0,27202.1921,-0.033484835800865996,27202.1921,-0.033484835800865996,,,,
2023-09-29 02:59,平倉,,,,,,26970.31056992692,0.033484835800865996,6.861418538818239,0.0
2023-09-29 10:44,開倉,1.0,26914.750649999998,0.03409750278953564,26914.750649999998,0.03409750278953564,,,,
2023-09-29 13:14,平倉,,,,,,26941.67466170109,-0.03409750278953564,-0.0006022628486317405,0.0
2023-09-29 15:44,開倉,-1.0,27123.331550000003,-0.0337676309285113,27123.331550000003,-0.0337676309285113,,,,
2023-09-29 18:14,平倉,,,,,,27013.600049999997,0.0337676309285113,2.7931875166933033,0.0
2023-09-29 22:14,開倉,1.0,26796.691649999997,0.0342835319251653,26796.691649999997,0.0342835319251653,,,,
2023-09-30 00:44,平倉,,,,,,26794.995800000004,-0.0342835319251653,-0.9767668215590145,0.0
2023-09-30 22:14,開倉,-1.0,26963.509121339925,-0.0339671108497119,26963.509121339925,-0.0339671108497119,,,,
2023-10-01 00:44,平倉,,,,,,26968.241731224523,0.0339671108497119,-1.076786340864939,0.0
2023-10-01 04:44,開倉,-1.0,27020.787366110817,-0.03382139936652201,27020.787366110817,-0.03382139936652201,,,,
2023-10-01 07:14,平倉,,,,,,26989.087799999998,0.03382139936652201,0.15931496815756407,0.0
2023-10-01 08:14,開倉,1.0,26916.47279437186,0.03395839575802276,26916.47279437186,0.03395839575802276,,,,
2023-10-01 10:44,平倉,,,,,,26956.772690140475,-0.03395839575802276,0.4531110541468135,0.0
2023-10-01 13:29,開倉,-1.0,27031.787729237785,-0.033762693113098215,27031.787729237785,-0.033762693113098215,,,,
2023-10-01 15:59,平倉,,,,,,27122.93886790791,0.033762693113098215,-3.993251383151356,0.0
2023-10-01 17:29,開倉,-1.0,27179.10365,-0.03339927985530846,27179.10365,-0.03339927985530846,,,,
2023-10-01 19:59,平倉,,,,,,27164.12938473384,0.03339927985530846,-0.40713268309434547,0.0
2023-10-02 01:44,開倉,1.0,27074.285720341333,0.033513539835279715,27074.285720341333,0.033513539835279715,,,,
2023-10-02 04:14,平倉,,,,,,27106.2401,-0.033513539835279715,0.1624783182263435,0.0
2023-10-02 06:14,開倉,-1.0,27200.592900000003,-0.033297206065750796,27200.592900000003,-0.033297206065750796,,,,
2023-10-02 06:29,平倉,,,,,,27772.363242,0.033297206065750796,-19.963097001660437,0.0
2023-10-02 06:29,開倉,-1.0,27847.16945,-0.03177505642512295,27847.16945,-0.03177505642512295,,,,
2023-10-02 08:59,平倉,,,,,,27871.530295127188,0.03177505642512295,-1.6596866762622264,0.0
2023-10-02 15:44,開倉,-1.0,28278.95345,-0.03119995661518805,28278.95345,-0.03119995661518805,,,,
2023-10-02 18:14,平倉,,,,,,28270.303624048138,0.03119995661518805,-0.6121580521414415,0.0
2023-10-02 21:44,開倉,-1.0,28387.7298228059,-0.031027786065248794,28387.7298228059,-0.031027786065248794,,,,
2023-10-03 00:14,平倉,,,,,,28061.223599999998,0.031027786065248794,9.260087587604112,0.0
2023-10-03 00:14,開倉,1.0,28061.223599999998,0.031718970575175295,28061.223599999998,0.031718970575175295,,,,
2023-10-03 02:44,平倉,,,,,,27678.85365,-0.031718970575175295,-13.006325937360074,0.0
2023-10-03 02:44,開倉,1.0,27706.54635,0.03162320439874135,27706.54635,0.03162320439874135,,,,
2023-10-03 05:14,平倉,,,,,,27766.11,-0.03162320439874135,1.0055401067971554,0.0
2023-10-03 05:59,開倉,1.0,27470.42835,0.0318997287649795,27470.42835,0.0318997287649795,,,,
2023-10-03 08:29,平倉,,,,,,27537.80631740577,-0.0318997287649795,1.2708903326720122,0.0
2023-10-03 19:29,開倉,1.0,27503.423779740137,0.03187581331177436,27503.423779740137,0.03187581331177436,,,,
2023-10-03 21:59,平倉,,,,,,27519.53335,-0.03187581331177436,-0.36370185335537963,0.0
2023-10-03 22:14,開倉,1.0,27439.171234742746,0.03190522695802183,27439.171234742746,0.03190522695802183,,,,
2023-10-04 00:44,平倉,,,,,,27405.503481306077,-0.03190522695802183,-1.9485561230335442,0.0
2023-10-04 17:44,開倉,-1.0,27561.816373732094,-0.03162909734907794,27561.816373732094,-0.03162909734907794,,,,
2023-10-04 20:14,平倉,,,,,,27562.75279684384,0.03162909734907794,-0.9014032091813162,0.0
2023-10-04 22:29,開倉,1.0,27356.0712,0.03183401275507151,27356.0712,0.03183401275507151,,,,
2023-10-05 00:59,平倉,,,,,,27512.222448809236,-0.03183401275507151,4.095096405957856,0.0
2023-10-05 03:14,開倉,-1.0,27753.016550000004,-0.031463453004862474,27753.016550000004,-0.031463453004862474,,,,
2023-10-05 05:44,平倉,,,,,,27739.412027376373,0.031463453004862474,-0.4447324284836694,0.0
2023-10-05 19:44,開倉,-1.0,27749.804947814395,-0.03141962454915918,27749.804947814395,-0.03141962454915918,,,,
2023-10-05 22:14,平倉,,,,,,28018.90245,0.03141962454915918,-9.335285881046815,0.0
2023-10-05 22:14,開倉,-1.0,27990.89755,-0.030784521306858745,27990.89755,-0.030784521306858745,,,,
2023-10-06 00:44,平倉,,,,,,27427.732557032126,0.030784521306858745,16.49241510799573,0.0
2023-10-06 15:59,開倉,-1.0,27621.81383123647,-0.03176146580191508,27621.81383123647,-0.03176146580191508,,,,
2023-10-06 18:29,平倉,,,,,,27779.410199007645,0.03176146580191508,-5.887806432503308,0.0
2023-10-06 18:29,開倉,-1.0,27751.644671572358,-0.0313692241494216,27751.644671572358,-0.0313692241494216,,,,
2023-10-06 20:59,平倉,,,,,,27263.646173431425,0.0313692241494216,14.45289484481912,0.0
2023-10-06 20:59,開倉,1.0,27263.646173431425,0.03246109042414462,27263.646173431425,0.03246109042414462,,,,
2023-10-06 23:29,平倉,,,,,,27800.312099475464,-0.03246109042414462,16.518332707992354,0.0
2023-10-06 23:44,開倉,-1.0,27929.12845,-0.03221542083918367,27929.12845,-0.03221542083918367,,,,
2023-10-07 02:14,平倉,,,,,,27946.915109607642,0.03221542083918367,-1.473326355996445,0.0
2023-10-07 05:44,開倉,-1.0,28081.252350000002,-0.03195643581199377,28081.252350000002,-0.03195643581199377,,,,
2023-10-07 08:14,平倉,,,,,,27937.03554058179,0.03195643581199377,3.715887130153656,0.0
2023-10-07 14:14,開倉,1.0,27883.912417284286,0.03231592719330131,27883.912417284286,0.03231592719330131,,,,
2023-10-07 16:44,平倉,,,,,,27986.194276443188,-0.03231592719330131,2.400933297119454,0.0
2023-10-08 02:44,開倉,1.0,27906.82580232132,0.03234316502592907,27906.82580232132,0.03234316502592907,,,,
2023-10-08 05:14,平倉,,,,,,27911.215315087982,-0.03234316502592907,-0.76076630721456,0.0
2023-10-08 09:44,開倉,-1.0,27997.53352705165,-0.03214677456161048,27997.53352705165,-0.03214677456161048,,,,
2023-10-08 12:14,平倉,,,,,,27982.480885678677,0.03214677456161048,-0.41565263593269175,0.0
2023-10-08 18:59,開倉,1.0,27833.86717537839,0.03232086050672548,27833.86717537839,0.03232086050672548,,,,
2023-10-08 21:29,平倉,,,,,,27856.859370765927,-0.03232086050672548,-0.157230126013994,0.0
2023-10-09 06:14,開倉,1.0,27835.557527141893,0.03228091136221291,27835.557527141893,0.03228091136221291,,,,
2023-10-09 08:44,平倉,,,,,,27823.02357043927,-0.03228091136221291,-1.3027601030413298,0.0
2023-10-09 16:44,開倉,1.0,27802.37144739439,0.032240226306613294,27802.37144739439,0.032240226306613294,,,,
2023-10-09 19:14,平倉,,,,,,27486.227436367462,-0.032240226306613294,-11.078716653852158,0.0
2023-10-10 00:44,開倉,1.0,27343.19221427527,0.032343468950415004,27343.19221427527,0.032343468950415004,,,,
2023-10-10 03:14,平倉,,,,,,27590.484164536156,-0.032343468950415004,7.105907547047934,0.0
2023-10-10 09:14,開倉,1.0,27549.98797147077,0.03232663237223497,27549.98797147077,0.03232663237223497,,,,
2023-10-10 11:44,平倉,,,,,,27622.75533482918,-0.03232663237223497,1.4593731471669162,0.0
2023-10-10 19:29,開倉,1.0,27578.849450588565,0.032313436200862744,27578.849450588565,0.032313436200862744,,,,
2023-10-10 21:59,平倉,,,,,,27378.82376196901,-0.032313436200862744,-7.348221202628612,0.0
2023-10-11 10:44,開倉,1.0,27217.008968692528,0.03244015111804792,27217.008968692528,0.03244015111804792,,,,
2023-10-11 13:14,平倉,,,,,,27110.761602467825,-0.03244015111804792,-4.326157819533373,0.0
2023-10-11 23:29,開倉,1.0,26857.067737307174,0.03268086472679629,26857.067737307174,0.03268086472679629,,,,
2023-10-12 01:59,平倉,,,,,,26615.798234814396,-0.03268086472679629,-8.75472327537559,0.0
2023-10-12 17:29,開倉,1.0,26770.349535464968,0.032426731852736326,26770.349535464968,0.032426731852736326,,,,
2023-10-12 19:59,平倉,,,,,,26820.16213361846,-0.032426731852736326,0.7455695574577014,0.0
2023-10-12 22:29,開倉,1.0,26704.37415369969,0.03250225503708618,26704.37415369969,0.03250225503708618,,,,
2023-10-13 00:59,平倉,,,,,,26709.24214519654,-0.03250225503708618,-0.7098898989015208,0.0
2023-10-13 17:59,開倉,1.0,26755.055422049878,0.03238168392788743,26755.055422049878,0.03238168392788743,,,,
2023-10-13 20:29,平倉,,,,,,26847.3527216434,-0.03238168392788743,2.119379492702241,0.0
2023-10-13 20:59,開倉,-1.0,26919.444133935387,-0.032198294374183874,26919.444133935387,-0.032198294374183874,,,,
2023-10-13 23:29,平倉,,,,,,26746.488240119637,0.032198294374183874,4.707693480998579,0.0
2023-10-14 04:59,開倉,-1.0,26959.039297659783,-0.032293405927011645,26959.039297659783,-0.032293405927011645,,,,
2023-10-14 07:29,平倉,,,,,,26837.34260267868,0.032293405927011645,3.063331572329896,0.0
2023-10-15 04:29,開倉,1.0,26865.644336143512,0.03251975094906185,26865.644336143512,0.03251975094906185,,,,
2023-10-15 06:59,平倉,,,,,,26842.7300351429,-0.03251975094906185,-1.6180862572474868,0.0
2023-10-15 09:44,開倉,-1.0,26930.574456869945,-0.03231644138884276,26930.574456869945,-0.03231644138884276,,,,
2023-10-15 12:14,平倉,,,,,,26924.47141782493,0.03231644138884276,-0.6728745989076925,0.0
2023-10-15 16:29,開倉,-1.0,26940.305106181415,-0.032247516285980084,26940.305106181415,-0.032247516285980084,,,,
2023-10-15 18:59,平倉,,,,,,26950.88734629849,0.032247516285980084,-1.2103501391388554,0.0
2023-10-16 01:29,開倉,-1.0,26978.363696556815,-0.03212499723468045,26978.363696556815,-0.03212499723468045,,,,
2023-10-16 03:59,平倉,,,,,,27051.326684110107,0.03212499723468045,-3.212959568305001,0.0
2023-10-16 04:44,開倉,-1.0,27166.69691142253,-0.03175219506268579,27166.69691142253,-0.03175219506268579,,,,
2023-10-16 07:14,平倉,,,,,,27085.309535174176,0.03175219506268579,1.7242098145838205,0.0
2023-10-16 13:29,開倉,-1.0,27743.42135,-0.031123177830106288,27743.42135,-0.031123177830106288,,,,
2023-10-16 15:59,平倉,,,,,,27845.915999999997,0.031123177830106288,-4.056612614094609,0.0
2023-10-16 21:29,開倉,-1.0,29230.24403246715,-0.029371832110797188,29230.24403246715,-0.029371832110797188,,,,
2023-10-16 23:59,平倉,,,,,,28074.484580116467,0.029371832110797188,33.12217354722688,0.0
2023-10-17 12:14,開倉,1.0,28148.56725,0.031677795434792544,28148.56725,0.031677795434792544,,,,
2023-10-17 14:44,平倉,,,,,,28156.983625589914,-0.031677795434792544,-0.6253389431125789,0.0
2023-10-18 12:59,開倉,-1.0,28695.4451,-0.030990181476775534,28695.4451,-0.030990181476775534,,,,
2023-10-18 15:29,平倉,,,,,,28580.115003953953,0.030990181476775534,2.688397655601313,0.0
2023-10-18 17:59,開倉,1.0,28251.7188,0.031572124853610994,28251.7188,0.031572124853610994,,,,
2023-10-18 20:29,平倉,,,,,,28346.319750000002,-0.031572124853610994,2.0917994583829467,0.0
2023-10-19 09:44,開倉,1.0,28111.766243312308,0.03177200671539531,28111.766243312308,0.03177200671539531,,,,
2023-10-19 12:14,平倉,,,,,,28212.00696196901,-0.03177200671539531,2.2884967116663733,0.0
2023-10-19 18:14,開倉,-1.0,28445.708491279744,-0.03141665946178599,28445.708491279744,-0.03141665946178599,,,,
2023-10-19 20:44,平倉,,,,,,28447.4589763776,0.03141665946178599,-0.9487185254262186,0.0
2023-10-19 22:14,開倉,-1.0,28549.618050000005,-0.031237814418023528,28549.618050000005,-0.031237814418023528,,,,
2023-10-20 00:44,平倉,,,,,,28623.441015283526,0.031237814418023528,-3.200201827755512,0.0
2023-10-20 10:44,開倉,-1.0,28882.1517,-0.03073654955105014,28882.1517,-0.03073654955105014,,,,
2023-10-20 13:14,平倉,,,,,,29276.8311,0.03073654955105014,-13.030951704681643,0.0
2023-10-20 16:44,開倉,-1.0,29714.178602038202,-0.02940771032321938,29714.178602038202,-0.02940771032321938,,,,
2023-10-20 19:14,平倉,,,,,,29921.80322338924,0.02940771032321938,-6.985696442201252,0.0
2023-10-21 07:14,開倉,-1.0,29731.326900000004,-0.029126529303450638,29731.326900000004,-0.029126529303450638,,,,
2023-10-21 09:44,平倉,,,,,,29513.742815339338,0.029126529303450638,5.477836322867889,0.0
2023-10-21 17:59,開倉,-1.0,29767.508761939043,-0.029245978599396788,29767.508761939043,-0.029245978599396788,,,,
2023-10-21 20:29,平倉,,,,,,29750.918079677325,0.029245978599396788,-0.3848839750950526,0.0
2023-10-21 22:59,開倉,-1.0,29852.966050000003,-0.029120224991569004,29852.966050000003,-0.029120224991569004,,,,
2023-10-22 01:29,平倉,,,,,,29867.445643681993,0.029120224991569004,-1.2913957628735293,0.0
2023-10-22 01:44,開倉,-1.0,29983.909539652926,-0.028921026672801893,29983.909539652926,-0.028921026672801893,,,,
2023-10-22 04:14,平倉,,,,,,30064.05004026375,0.028921026672801893,-3.1872287488442925,0.0
2023-10-22 13:59,開倉,-1.0,30085.149900000004,-0.028689007148735658,30085.149900000004,-0.028689007148735658,,,,
2023-10-22 16:29,平倉,,,,,,29813.199149999997,0.028689007148735658,6.946685927313202,0.0
2023-10-23 05:14,開倉,1.0,29812.098599999998,0.029184904146199456,29812.098599999998,0.029184904146199456,,,,
2023-10-23 07:44,平倉,,,,,,29972.70615,-0.029184904146199456,3.8125653959161085,0.0
2023-10-23 08:59,開倉,-1.0,30085.40269379987,-0.028988631177496428,30085.40269379987,-0.028988631177496428,,,,
2023-10-23 11:29,平倉,,,,,,30430.17169112451,0.028988631177496428,-10.876510328701082,0.0
2023-10-23 11:59,開倉,-1.0,30700.188791307708,-0.028025621526858377,30700.188791307708,-0.028025621526858377,,,,
2023-10-23 14:29,平倉,,,,,,30747.7662,0.028025621526858377,-2.195111707556315,0.0
2023-10-23 23:14,開倉,-1.0,30855.86435,-0.027785249711880282,30855.86435,-0.027785249711880282,,,,
2023-10-24 01:44,平倉,,,,,,31003.8942,0.027785249711880282,-4.97449728944987,0.0
2023-10-24 04:14,開倉,-1.0,31437.573350000002,-0.027085709424603432,31437.573350000006,-0.027085709424603432,,,,
2023-10-24 06:29,平倉,,,,,,32098.407182999996,0.027085709424603432,-18.768561308535972,0.0
2023-10-24 06:29,開倉,-1.0,32140.687010303503,-0.02588304090251415,32140.687010303503,-0.02588304090251415,,,,
2023-10-24 06:44,平倉,,,,,,32816.30065121043,0.02588304090251415,-18.336321153915044,0.0
2023-10-24 06:44,開倉,-1.0,34030.61911326263,-0.023882612245668546,34030.61911326263,-0.023882612245668546,,,,
2023-10-24 09:14,平倉,,,,,,33533.463247177366,0.023882612245668546,11.072514075387256,0.0
2023-10-24 19:14,開倉,-1.0,34611.22534132444,-0.023778260282715076,34611.22534132444,-0.023778260282715076,,,,
2023-10-24 21:44,平倉,,,,,,34444.03826760759,0.023778260282715076,3.1563984476297637,0.0
2023-10-24 23:29,開倉,1.0,33655.36581917295,0.024547428964559786,33655.36581917295,0.024547428964559786,,,,
2023-10-25 01:59,平倉,,,,,,33698.94375953982,-0.024547428964559786,0.2425039674595938,0.0
2023-10-25 16:14,開倉,1.0,33716.96986541276,0.024485259632143548,33716.96986541276,0.024485259632143548,,,,
2023-10-25 18:44,平倉,,,,,,34124.58245387974,-0.024485259632143548,9.144950796722394,0.0
2023-10-25 21:14,開倉,-1.0,34457.52856679512,-0.02417639517327526,34457.52856679512,-0.02417639517327526,,,,
2023-10-25 23:44,平倉,,,,,,34850.45467875984,0.02417639517327526,-10.342095321039686,0.0
2023-10-25 23:44,開倉,-1.0,34815.62164060016,-0.023606910404711107,34815.62164060016,-0.023606910404711107,,,,
2023-10-26 02:14,平倉,,,,,,34574.55164127239,0.023606910404711107,4.874719532515953,0.0
2023-10-26 17:29,開倉,1.0,34422.50265,0.02401819606953611,34422.50265,0.02401819606953611,,,,
2023-10-26 19:59,平倉,,,,,,34083.69654961846,-0.02401819606953611,-8.956140255022202,0.0
2023-10-26 19:59,開倉,1.0,34117.79729654154,0.023945819615043898,34117.79729654154,0.023945819615043898,,,,
2023-10-26 22:29,平倉,,,,,,34253.00585261846,-0.023945819615043898,2.4174633948086095,0.0
2023-10-26 23:29,開倉,1.0,33921.18329587014,0.024131820449870552,33921.18329587014,0.024131820449870552,,,,
2023-10-27 01:59,平倉,,,,,,33923.889190100046,-0.024131820449870552,-0.7533470491844023,0.0
2023-10-27 09:59,開倉,1.0,33795.662448200834,0.024174912774026024,33795.662448200834,0.024174912774026024,,,,
2023-10-27 12:29,平倉,,,,,,33958.40101951307,-0.024174912774026024,3.113249383850767,0.0
2023-10-28 01:14,開倉,1.0,33670.773236871864,0.02433281161602808,33670.773236871864,0.02433281161602808,,,,
2023-10-28 03:44,平倉,,,,,,33657.29071632989,-0.02433281161602808,-1.1470441469634902,0.0
2023-10-28 10:59,開倉,-1.0,34078.35313744107,-0.023960087453651118,34078.35313744107,-0.023960087453651118,,,,
2023-10-28 13:29,平倉,,,,,,34141.139820160635,0.023960087453651118,-2.322399104743886,0.0
2023-10-28 19:14,開倉,-1.0,34129.28505776156,-0.02383240580945123,34129.28505776156,-0.02383240580945123,,,,
2023-10-28 21:44,平倉,,,,,,34081.66518275315,0.02383240580945123,0.32264811049849873,0.0
2023-10-29 08:14,開倉,1.0,33988.484093982406,0.02394063174076892,33988.484093982406,0.02394063174076892,,,,
2023-10-29 10:44,平倉,,,,,,33917.82166724911,-0.02394063174076892,-2.5037172143155746,0.0
2023-10-29 16:59,開倉,-1.0,34161.21877986309,-0.023698707090121132,34161.21877986309,-0.023698707090121132,,,,
2023-10-29 19:29,平倉,,,,,,34268.83989559929,0.023698707090121132,-3.3626084975482398,0.0
2023-10-29 19:29,開倉,-1.0,34234.58818156071,-0.023526107990885052,34234.58818156071,-0.023526107990885052,,,,
2023-10-29 21:59,平倉,,,,,,34376.65174007203,0.023526107990885052,-4.1509514403087024,0.0
2023-10-29 22:44,開倉,-1.0,34451.569419459316,-0.023234144400135565,34451.569419459316,-0.023234144400135565,,,,
2023-10-30 01:14,平倉,,,,,,34329.15437371726,0.023234144400135565,2.046600319666606,0.0
2023-10-30 01:44,開倉,-1.0,34553.63760692577,-0.023201559046550187,34553.63760692577,-0.023201559046550187,,,,
2023-10-30 04:14,平倉,,,,,,34560.73242363664,0.023201559046550187,-0.9664736828607909,0.0
2023-10-30 08:44,開倉,1.0,34409.87383357741,0.023270393560979825,34409.87383357741,0.023270393560979825,,,,
2023-10-30 11:14,平倉,,,,,,34242.032946206265,-0.023270393560979825,-4.702549087736892,0.0
2023-10-30 17:29,開倉,-1.0,34551.36050672543,-0.02299273993686647,34551.36050672543,-0.02299273993686647,,,,
2023-10-30 19:59,平倉,,,,,,34613.26143983906,0.02299273993686647,-2.2191257755839517,0.0
2023-10-30 20:29,開倉,-1.0,34793.26597390522,-0.022746309522812484,34793.26597390522,-0.022746309522812484,,,,
2023-10-30 22:59,平倉,,,,,,34628.18739701802,0.022746309522812484,2.967264936715148,0.0
2023-10-31 00:44,開倉,1.0,34408.82946591454,0.023086723909223547,34408.82946591454,0.023086723909223547,,,,
2023-10-31 03:14,平倉,,,,,,34310.363598958684,-0.023086723909223547,-3.0653681765264125,0.0
2023-10-31 10:44,開倉,1.0,34330.081583440435,0.02302719435133351,34330.081583440435,0.02302719435133351,,,,
2023-10-31 13:14,平倉,,,,,,34177.35010414609,-0.02302719435133351,-4.303985940539257,0.0
2023-11-01 04:14,開倉,-1.0,34565.36713960559,-0.022700275770509083,34565.36713960559,-0.022700275770509083,,,,
2023-11-01 06:44,平倉,,,,,,34620.3114095623,0.022700275770509083,-2.0331406962847005,0.0
2023-11-01 20:59,開倉,-1.0,34769.30243384914,-0.02248612817283248,34769.30243384914,-0.02248612817283248,,,,
2023-11-01 23:29,平倉,,,,,,34303.50856731231,0.02248612817283248,9.702547494643884,0.0
2023-11-02 04:44,開倉,-1.0,34949.042878109416,-0.0226256053394292,34949.042878109416,-0.0226256053394292,,,,
2023-11-02 07:14,平倉,,,,,,35377.54470161461,0.0226256053394292,-10.495551510151094,0.0
2023-11-02 13:29,開倉,1.0,35243.90460468947,0.022138365791597156,35243.90460468947,0.022138365791597156,,,,
2023-11-02 15:59,平倉,,,,,,35261.83500051106,-0.022138365791597156,-0.383689740237781,0.0
2023-11-02 21:44,開倉,1.0,34915.40616540341,0.022313300157921077,34915.40616540341,0.022313300157921077,,,,
2023-11-03 00:14,平倉,,,,,,34696.65485289059,-0.022313300157921077,-5.655260570246021,0.0
2023-11-03 00:29,開倉,1.0,34473.72825,0.02241244047130208,34473.72825,0.02241244047130208,,,,
2023-11-03 02:59,平倉,,,,,,34823.479550000004,-0.02241244047130208,7.058301028592614,0.0
2023-11-03 08:59,開倉,1.0,34531.82045557699,0.022556852648579644,34531.82045557699,0.022556852648579644,,,,
2023-11-03 11:29,平倉,,,,,,34617.39636079117,-0.022556852648579644,1.1494635753972382,0.0
2023-11-03 12:59,開倉,1.0,34421.07556491405,0.022640196233580212,34421.07556491405,0.022640196233580212,,,,
2023-11-03 15:29,平倉,,,,,,34449.01724237623,-0.022640196233580212,-0.1473274495822563,0.0
2023-11-03 18:14,開倉,1.0,34194.02429209209,0.02276341643916823,34194.02429209209,0.02276341643916823,,,,
2023-11-03 20:44,平倉,,,,,,34328.66035809264,-0.02276341643916823,2.2833392465718774,0.0
2023-11-03 22:44,開倉,-1.0,34731.21144636039,-0.022432245014576222,34731.21144636039,-0.022432245014576222,,,,
2023-11-04 01:14,平倉,,,,,,34608.704405380515,0.022432245014576222,1.9717570224126755,0.0
2023-11-04 14:14,開倉,-1.0,34865.605280717944,-0.02237996731116406,34865.605280717944,-0.02237996731116406,,,,
2023-11-04 16:44,平倉,,,,,,34806.7291288408,0.02237996731116406,0.5386728943055816,0.0
2023-11-05 05:29,開倉,-1.0,34841.07075,-0.02238879552986648,34841.07075,-0.02238879552986648,,,,
2023-11-05 07:59,平倉,,,,,,35079.62704602902,0.02238879552986648,-6.1263787313535225,0.0
2023-11-05 11:59,開倉,-1.0,35252.883338641026,-0.021931443919359115,35252.883338641026,-0.021931443919359115,,,,
2023-11-05 14:29,平倉,,,,,,35125.379933630305,0.021931443919359115,2.0259834763593556,0.0
2023-11-05 21:59,開倉,1.0,34858.2204,0.022237900320309985,34858.2204,0.022237900320309985,,,,
2023-11-06 00:29,平倉,,,,,,34907.91364822181,-0.022237900320309985,0.3287947964499046,0.0
2023-11-06 05:59,開倉,1.0,34670.22645,0.022345600473429563,34670.22645,0.022345600473429563,,,,
2023-11-06 08:29,平倉,,,,,,35009.1471401748,-0.022345600473429563,6.7910859199151545,0.0
2023-11-06 18:29,開倉,-1.0,35160.36144277101,-0.022183106413675404,35160.36144277101,-0.022183106413675404,,,,
2023-11-06 20:59,平倉,,,,,,35225.823391691025,0.022183106413675404,-2.233567567746433,0.0
2023-11-07 10:59,開倉,1.0,34838.29357281562,0.022324037015369284,34838.29357281562,0.022324037015369284,,,,
2023-11-07 13:29,平倉,,,,,,34853.36460000001,-0.022324037015369284,-0.441621632716704,0.0
2023-11-07 17:59,開倉,1.0,34816.3995,0.022303035459119058,34816.3995,0.022303035459119058,,,,
2023-11-07 20:29,平倉,,,,,,34631.09924236296,-0.022303035459119058,-4.905136851053532,0.0
2023-11-08 02:14,開倉,-1.0,35282.64985,-0.021825357934584785,35282.64985,-0.021825357934584785,,,,
2023-11-08 04:44,平倉,,,,,,35595.84198666009,0.021825357934584785,-7.612422477245576,0.0
2023-11-08 14:14,開倉,1.0,35224.99206246414,0.021644866009024856,35224.99206246414,0.021644866009024856,,,,
2023-11-08 16:44,平倉,,,,,,35281.76842748172,-0.021644866009024856,0.4652476631108039,0.0
2023-11-08 23:14,開倉,1.0,35236.949264417315,0.02162908276977559,35236.949264417315,0.02162908276977559,,,,
2023-11-09 01:44,平倉,,,,,,35271.859912067805,-0.02162908276977559,-0.007812689903136993,0.0
2023-11-09 02:59,開倉,-1.0,35574.90586065412,-0.02138056422575687,35574.90586065412,-0.02138056422575687,,,,
2023-11-09 05:29,平倉,,,,,,35483.99765918346,0.02138056422575687,1.185000749252831,0.0
2023-11-09 06:14,開倉,-1.0,35809.29869196095,-0.021252461354259886,35809.29869196095,-0.021252461354259886,,,,
2023-11-09 08:44,平倉,,,,,,35893.139091405326,0.021252461354259886,-2.544632400540559,0.0
2023-11-09 10:29,開倉,-1.0,36332.869448604455,-0.020855267771868958,36332.869448604455,-0.020855267771868958,,,,
2023-11-09 12:59,平倉,,,,,,36725.8706014215,0.020855267771868958,-8.96207214220029,0.0
2023-11-09 20:29,開倉,-1.0,36915.32601680337,-0.02026304134410125,36915.32601680337,-0.02026304134410125,,,,
2023-11-09 22:44,平倉,,,,,,37691.30500591096,0.02026304134410125,-16.487434810088946,0.0
2023-11-09 22:44,開倉,-1.0,37663.57161496931,-0.019403097266468685,37663.57161496931,-0.019403097266468685,,,,
2023-11-10 01:14,平倉,,,,,,36367.3729285747,0.019403097266468685,24.444629514524436,0.0
2023-11-10 15:59,開倉,1.0,36464.549998857714,0.020711809016800913,36464.549998857714,0.020711809016800913,,,,
2023-11-10 18:29,平倉,,,,,,36556.7740474209,-0.020711809016800913,1.1529699582563269,0.0
2023-11-10 19:29,開倉,-1.0,36907.02141638077,-0.0204538166839255,36907.02141638077,-0.0204538166839255,,,,
2023-11-10 21:59,平倉,,,,,,36975.63578922531,0.0204538166839255,-2.1597186802491177,0.0
2023-11-11 09:59,開倉,1.0,37075.42952068507,0.02030262796091494,37075.42952068507,0.02030262796091494,,,,
2023-11-11 12:29,平倉,,,,,,36925.048693992896,-0.02030262796091494,-3.8028015028589013,0.0
2023-11-12 04:59,開倉,1.0,37025.2855683086,0.020207024271272467,37025.2855683086,0.020207024271272467,,,,
2023-11-12 07:29,平倉,,,,,,36846.405759770576,-0.020207024271272467,-4.359184848265297,0.0
2023-11-12 20:29,開倉,1.0,37009.56016760764,0.020077540273221724,37009.56016760764,0.020077540273221724,,,,
2023-11-12 22:59,平倉,,,,,,37126.91605032264,-0.020077540273221724,1.6108003092889684,0.0
2023-11-13 07:29,開倉,1.0,37048.391973807644,0.020079929745116132,37048.391973807644,0.020079929745116132,,,,
2023-11-13 09:59,平倉,,,,,,37178.08191904042,-0.020079929745116132,1.8576317159296365,0.0
2023-11-13 11:59,開倉,1.0,36962.572049999995,0.02015669706250358,36962.572049999995,0.02015669706250358,,,,
2023-11-13 14:29,平倉,,,,,,36825.578,-0.02015669706250358,-3.5036295851129413,0.0
2023-11-13 19:44,開倉,1.0,36822.6021,0.020117876736738278,36822.6021,0.020117876736738278,,,,
2023-11-13 22:14,平倉,,,,,,36873.9538,-0.020117876736738278,0.2912615134775123,0.0
2023-11-13 22:44,開倉,1.0,36721.65165,0.020160934519173113,36721.65165,0.020160934519173113,,,,
2023-11-14 01:14,平倉,,,,,,36770.5140227715,-0.020160934519173113,0.24378317244824854,0.0
2023-11-14 05:14,開倉,1.0,36557.03558851271,0.02023812911849703,36557.03558851271,0.02023812911849703,,,,
2023-11-14 07:44,平倉,,,,,,36498.24175,-0.02023812911849703,-1.9285334243268144,0.0
2023-11-14 19:14,開倉,1.0,36401.98288702576,0.02025099278512326,36401.98288702576,0.02025099278512326,,,,
2023-11-14 21:44,平倉,,,,,,36491.721482144814,-0.02025099278512326,1.0783020538513721,0.0
2023-11-14 23:59,開倉,1.0,36166.12979259235,0.020392494119852497,36166.12979259235,0.020392494119852497,,,,
2023-11-15 02:29,平倉,,,,,,35922.6002309319,-0.020392494119852497,-5.698726568150052,0.0
2023-11-15 02:29,開倉,1.0,35958.54080144809,0.020331139989542023,35958.54080144809,0.020331139989542023,,,,
2023-11-15 04:59,平倉,,,,,,35269.478133542805,-0.020331139989542023,-14.726498260040856,0.0
2023-11-15 17:29,開倉,-1.0,35912.0872006866,-0.019906878775652503,35912.0872006866,-0.019906878775652503,,,,
2023-11-15 19:59,平倉,,,,,,36260.58895948281,0.019906878775652503,-7.659417414208105,0.0
2023-11-15 19:59,開倉,-1.0,36224.34649175719,-0.019504214902049285,36224.34649175719,-0.019504214902049285,,,,
2023-11-15 22:29,平倉,,,,,,36155.78696640368,0.019504214902049285,0.6320094771319815,0.0
2023-11-16 02:14,開倉,-1.0,37073.55395,-0.019055442025109077,37073.55395,-0.019055442025109077,,,,
2023-11-16 04:44,平倉,,,,,,37446.686008851415,0.019055442025109077,-7.823759469426831,0.0
2023-11-16 16:29,開倉,1.0,37298.54112584762,0.01873063304082894,37298.54112584762,0.01873063304082894,,,,
2023-11-16 18:59,平倉,,,,,,37276.99468659608,-0.01873063304082894,-1.1018001552967138,0.0
2023-11-16 20:29,開倉,1.0,37111.39227859783,0.01877655130534063,37111.39227859783,0.01877655130534063,,,,
2023-11-16 22:59,平倉,,,,,,36707.2372,-0.01877655130534063,-8.277873891169149,0.0
2023-11-16 23:59,開倉,1.0,36438.21,0.01887701881981819,36438.21,0.01887701881981819,,,,
2023-11-17 02:29,平倉,,,,,,36282.8073476767,-0.01887701881981819,-3.61845002969447,0.0
2023-11-17 03:14,開倉,1.0,36071.05742277366,0.0189497169424788,36071.05742277366,0.0189497169424788,,,,
2023-11-17 05:44,平倉,,,,,,35930.7588991571,-0.0189497169424788,-3.3394950206488736,0.0
2023-11-17 22:59,開倉,1.0,36038.04121147794,0.01885538897981886,36038.04121147794,0.01885538897981886,,,,
2023-11-18 01:29,平倉,,,,,,36354.13207070509,-0.01885538897981886,5.274544802476258,0.0
2023-11-18 14:59,開倉,1.0,36273.85025294587,0.018859553407670666,36273.85025294587,0.018859553407670666,,,,
2023-11-18 17:29,平倉,,,,,,36410.05822735823,-0.018859553407670666,1.882144130265321,0.0
2023-11-18 23:29,開倉,-1.0,36602.601849237304,-0.01870419727894635,36602.601849237304,-0.01870419727894635,,,,
2023-11-19 01:59,平倉,,,,,,36640.781759231984,0.01870419727894635,-1.399460979112408,0.0
2023-11-19 06:14,開倉,1.0,36515.45951048251,0.018710489598970193,36515.45951048251,0.018710489598970193,,,,
2023-11-19 08:44,平倉,,,,,,36528.49735845809,-0.018710489598970193,-0.43952155095149814,0.0
2023-11-19 16:29,開倉,-1.0,36666.22195846971,-0.018584327099606744,36666.22195846971,-0.018584327099606744,,,,
2023-11-19 18:59,平倉,,,,,,36553.267499999994,0.018584327099606744,1.419864723780689,0.0
2023-11-19 19:29,開倉,1.0,36441.154912680475,0.018738089910864994,36441.154912680475,0.018738089910864994,,,,
2023-11-19 21:59,平倉,,,,,,36472.57850120342,-0.018738089910864994,-0.0946084281717049,0.0
2023-11-20 02:29,開倉,-1.0,36719.22635054594,-0.018556438988482995,36719.22635054594,-0.018556438988482995,,,,
2023-11-20 04:59,平倉,,,,,,36936.77016327388,0.018556438988482995,-4.722253410174423,0.0
2023-11-20 07:14,開倉,-1.0,37368.870564116856,-0.01808931186829603,37368.870564116856,-0.01808931186829603,,,,
2023-11-20 09:44,平倉,,,,,,37367.740474800914,0.01808931186829603,-0.6555141731871121,0.0
2023-11-20 22:14,開倉,1.0,36902.54205,0.018300129869755197,36902.54205,0.018300129869755197,,,,
2023-11-21 00:44,平倉,,,,,,37366.72815554701,-0.018300129869755197,7.810850037191909,0.0
2023-11-21 19:29,開倉,1.0,37208.78849983156,0.018341376756507592,37208.78849983156,0.018341376756507592,,,,
2023-11-21 21:59,平倉,,,,,,36999.416027195155,-0.018341376756507592,-4.518799632191371,0.0
2023-11-21 21:59,開倉,1.0,37036.433952184845,0.01828622455207853,37036.433952184845,0.01828622455207853,,,,
2023-11-22 00:29,平倉,,,,,,36945.01606290409,-0.01828622455207853,-2.3472729112713333,0.0
2023-11-22 06:29,開倉,1.0,36620.9013,0.018411084440841396,36620.9013,0.018411084440841396,,,,
2023-11-22 07:59,平倉,,,,,,35852.612726,-0.018411084440841396,-14.805111291170762,0.0
2023-11-22 07:59,開倉,1.0,35767.10362481516,0.018417578106849554,35767.10362481516,0.018417578106849554,,,,
2023-11-22 10:29,平倉,,,,,,36091.83333857864,-0.018417578106849554,5.316010707321149,0.0
2023-11-22 23:14,開倉,1.0,36317.96013249369,0.018266527584751793,36317.96013249369,0.018266527584751793,,,,
2023-11-23 01:44,平倉,,,,,,36531.62505,-0.018266527584751793,3.2356101728311653,0.0
2023-11-23 02:29,開倉,-1.0,37086.58990715081,-0.01793939188832414,37086.58990715081,-0.01793939188832414,,,,
2023-11-23 04:59,平倉,,,,,,37635.58744696872,0.01793939188832414,-10.523841564677761,0.0
2023-11-23 04:59,開倉,-1.0,37597.97066791128,-0.017397941981097835,37597.97066791128,-0.017397941981097835,,,,
2023-11-23 07:29,平倉,,,,,,37324.42906385788,0.017397941981097835,4.109692705406827,0.0
2023-11-23 17:44,開倉,-1.0,37509.87943663075,-0.01753087879177752,37509.87943663075,-0.01753087879177752,,,,
2023-11-23 20:14,平倉,,,,,,37449.45394054563,0.01753087879177752,0.4027902099512637,0.0
2023-11-23 22:29,開倉,1.0,37189.79648201829,0.017692598613316922,37189.79648201829,0.017692598613316922,,,,
2023-11-24 00:59,平倉,,,,,,37051.28616162392,-0.017692598613316922,-3.1061410367043165,0.0
2023-11-24 15:59,開倉,-1.0,37505.14165079871,-0.017425990530116675,37505.14165079871,-0.017425990530116675,,,,
2023-11-24 18:29,平倉,,,,,,37705.19762276277,0.017425990530116675,-4.143223889649415,0.0
2023-11-24 18:29,開倉,-1.0,37667.51126831723,-0.017223592205954243,37667.51126831723,-0.017223592205954243,,,,
2023-11-24 20:59,平倉,,,,,,37718.41875240396,0.017223592205954243,-1.5264564093858077,0.0
2023-11-24 23:29,開倉,-1.0,38244.3325226826,-0.01690696822765661,38244.3325226826,-0.01690696822765661,,,,
2023-11-25 01:59,平倉,,,,,,37772.10932532448,0.01690696822765661,7.345250741841229,0.0
2023-11-25 17:29,開倉,1.0,37651.3607760719,0.017368419756915245,37651.3607760719,0.017368419756915245,,,,
2023-11-25 19:59,平倉,,,,,,37578.39110649932,-0.017368419756915245,-1.920045121187182,0.0
2023-11-26 04:14,開倉,-1.0,37772.27457894799,-0.01722740621361453,37772.27457894799,-0.01722740621361453,,,,
2023-11-26 06:44,平倉,,,,,,37743.37295332899,0.01722740621361453,-0.15232037296661688,0.0
2023-11-26 08:14,開倉,1.0,37664.33347862163,0.017272731556038118,37664.33347862163,0.017272731556038118,,,,
2023-11-26 10:44,平倉,,,,,,37624.680155246904,-0.017272731556038118,-1.3348022101597707,0.0
2023-11-26 20:14,開倉,1.0,37614.62766456484,0.017242748389842265,37614.62766456484,0.017242748389842265,,,,
2023-11-26 22:44,平倉,,,,,,37396.8922,-0.017242748389842265,-4.399183033803563,0.0
2023-11-26 22:59,開倉,1.0,37351.19270777227,0.017229149257878548,37351.19270777227,0.017229149257878548,,,,
2023-11-27 01:29,平倉,,,,,,37241.27005000001,-0.017229149257878548,-2.5355092778254806,0.0
2023-11-27 06:14,開倉,-1.0,37700.040550000005,-0.01696838008889184,37700.040550000005,-0.01696838008889184,,,,
2023-11-27 08:44,平倉,,,,,,37540.66229088011,0.01696838008889184,2.067386652111936,0.0
2023-11-27 10:44,開倉,1.0,37273.09643047794,0.01721823780113164,37273.09643047794,0.01721823780113164,,,,
2023-11-27 13:14,平倉,,,,,,37358.61135000001,-0.01721823780113164,0.8291667657312044,0.0
2023-11-27 18:44,開倉,1.0,37136.38597707177,0.017286671937961427,37136.38597707177,0.017286671937961427,,,,
2023-11-27 21:14,平倉,,,,,,36969.118861586045,-0.017286671937961427,-3.5305647810065492,0.0
2023-11-28 12:59,開倉,1.0,37016.38042528227,0.01722993708332795,37016.38042528227,0.01722993708332795,,,,
2023-11-28 15:29,平倉,,,,,,36978.7689332265,-0.01722993708332795,-1.285185503869362,0.0
2023-11-28 21:59,開倉,-1.0,37386.2975,-0.01699099571675976,37386.2975,-0.01699099571675976,,,,
2023-11-29 00:29,平倉,,,,,,37615.698449999996,0.01699099571675976,-4.536878730117423,0.0
2023-11-29 00:44,開倉,-1.0,37752.81415,-0.01668911077962055,37752.81415,-0.01668911077962055,,,,
2023-11-29 03:14,平倉,,,,,,38071.12605,0.01668911077962055,-5.947715801724856,0.0
2023-11-29 07:44,開倉,1.0,37788.4848,0.01651588338068915,37788.4848,0.01651588338068915,,,,
2023-11-29 10:14,平倉,,,,,,37925.76215731772,-0.01651588338068915,1.6408793593546158,0.0
2023-11-29 14:59,開倉,-1.0,38152.61415,-0.016368542089729873,38152.61415,-0.016368542089729873,,,,
2023-11-29 17:29,平倉,,,,,,38239.07358475147,0.016368542089729873,-2.041132782228008,0.0
2023-11-29 22:44,開倉,1.0,37923.07866444057,0.016413765424027855,37923.07866444057,0.016413765424027855,,,,
2023-11-30 01:14,平倉,,,,,,37810.27372216184,-0.016413765424027855,-2.4721628247279233,0.0
2023-11-30 12:14,開倉,-1.0,38175.82629948932,-0.016207777325577218,38175.82629948932,-0.016207777325577218,,,,
2023-11-30 14:44,平倉,,,,,,37863.91063952272,0.016207777325577218,4.441769728778209,0.0
2023-11-30 22:44,開倉,1.0,37667.57201304961,0.0165444505537693,37667.57201304961,0.0165444505537693,,,,
2023-12-01 01:14,平倉,,,,,,37731.41157824919,-0.0165444505537693,0.43194505663834626,0.0
2023-12-01 06:59,開倉,1.0,37724.75799228988,0.01651429925487251,37724.75799228988,0.01651429925487251,,,,
2023-12-01 09:29,平倉,,,,,,37954.31192996037,-0.01651429925487251,3.164133556600697,0.0
2023-12-01 09:29,開倉,-1.0,37954.31192996037,-0.016464930846381967,37954.31192996037,-0.016464930846381967,,,,
2023-12-01 11:59,平倉,,,,,,38119.82950445745,0.016464930846381967,-3.352875774622004,0.0
2023-12-01 12:29,開倉,-1.0,38224.18829152675,-0.016244669854402895,38224.18829152675,-0.016244669854402895,,,,
2023-12-01 14:59,平倉,,,,,,38243.40455201291,0.016244669854402895,-0.9334132884896745,0.0
2023-12-01 17:14,開倉,-1.0,38404.788,-0.01612782614024456,38404.788,-0.01612782614024456,,,,
2023-12-01 19:44,平倉,,,,,,38595.78825,0.01612782614024456,-3.7028849873848966,0.0
2023-12-02 00:29,開倉,-1.0,38760.110250000005,-0.015868521277519185,38760.110250000005,-0.015868521277519185,,,,
2023-12-02 02:59,平倉,,,,,,38721.4043668801,0.015868521277519185,-0.00024629923791186226,0.0
2023-12-03 03:14,開倉,-1.0,39427.39252442877,-0.01558435875674293,39427.39252442877,-0.01558435875674293,,,,
2023-12-03 05:44,平倉,,,,,,39558.769499999995,0.01558435875674293,-2.6639239755411595,0.0
2023-12-03 21:29,開倉,-1.0,39597.1915,-0.01543477886620924,39597.1915,-0.01543477886620924,,,,
2023-12-03 23:59,平倉,,,,,,39777.20426476098,0.01543477886620924,-3.392409568923244,0.0
2023-12-03 23:59,開倉,-1.0,39737.446939159025,-0.015279600468126427,39737.446939159025,-0.015279600468126427,,,,
2023-12-04 02:29,平倉,,,,,,39568.300474955926,0.015279600468126427,1.979902571159494,0.0
2023-12-04 06:14,開倉,-1.0,39780.2999,-0.015297631196262044,39780.2999,-0.015297631196262044,,,,
2023-12-04 08:44,平倉,,,,,,40105.258700846396,0.015297631196262044,-5.584615345963989,0.0
2023-12-04 09:29,開倉,-1.0,40626.576550000005,-0.014826607230434734,40626.576550000005,-0.014826607230434734,,,,
2023-12-04 11:59,平倉,,,,,,40721.449570750614,0.014826607230434734,-2.0104059540736343,0.0
2023-12-04 13:44,開倉,-1.0,41409.285,-0.014483293777143616,41409.285,-0.014483293777143616,,,,
2023-12-04 16:14,平倉,,,,,,41474.326799999995,0.014483293777143616,-1.5427043564477612,0.0
2023-12-04 23:59,開倉,1.0,41288.78864207239,0.014488179088603698,41288.78864207239,0.014488179088603698,,,,
2023-12-05 02:29,平倉,,,,,,41605.09422455093,-0.014488179088603698,3.979909869550679,0.0
2023-12-05 06:14,開倉,-1.0,42263.70031470197,-0.014219802784871192,42263.700314701964,-0.014219802784871192,,,,
2023-12-05 08:44,平倉,,,,,,41758.62856249132,0.014219802784871192,6.5882212459193505,0.0
2023-12-05 15:29,開倉,1.0,41555.79535081845,0.014620656248102756,41555.79535081845,0.014620656248102756,,,,
2023-12-05 17:59,平倉,,,,,,41686.446350000006,-0.014620656248102756,1.3007201452163373,0.0
2023-12-05 22:29,開倉,-1.0,42062.75774074972,-0.014446473859239554,42062.75774074972,-0.014446473859239554,,,,
2023-12-06 00:59,平倉,,,,,,42691.04451969243,0.014446473859239554,-9.693263586778958,0.0
2023-12-06 00:59,開倉,-1.0,42648.37481002757,-0.014006694537700044,42648.37481002757,-0.014006694537700044,,,,
2023-12-06 01:29,平倉,,,,,,43544.86541008628,0.014006694537700044,-13.166789619426067,0.0
2023-12-06 01:29,開倉,-1.0,43670.49707745546,-0.013363838912952253,43670.49707745546,-0.013363838912952253,,,,
2023-12-06 03:59,平倉,,,,,,43853.81595,0.013363838912952253,-3.035899214463263,0.0
2023-12-06 18:29,開倉,-1.0,44270.55365,-0.013100983507608863,44270.55365,-0.013100983507608863,,,,
2023-12-06 20:59,平倉,,,,,,44102.008391623705,0.013100983507608863,1.6303289656824425,0.0
2023-12-07 07:14,開倉,1.0,43698.93855,0.013309681123057804,43698.93855,0.013309681123057804,,,,
2023-12-07 09:44,平倉,,,,,,43916.52528683295,-0.013309681123057804,2.3114951362527973,0.0
2023-12-07 16:14,開倉,1.0,43778.77845,0.013324941885248822,43778.77845,0.013324941885248822,,,,
2023-12-07 18:44,平倉,,,,,,43218.83135789816,-0.013324941885248822,-8.037150877263404,0.0
2023-12-08 15:14,開倉,1.0,43397.788049999996,0.013243183435641456,43397.788049999996,0.013243183435641456,,,,
2023-12-08 17:44,平倉,,,,,,43284.003098236906,-0.013243183435641456,-2.0800929812730313,0.0
2023-12-08 19:44,開倉,-1.0,43707.212012004864,-0.013075575252913633,43707.212012004864,-0.013075575252913633,,,,
2023-12-08 22:14,平倉,,,,,,43656.417299999994,0.013075575252913633,0.09333730959100572,0.0
2023-12-08 22:44,開倉,-1.0,43934.022000000004,-0.012997194274807533,43934.022000000004,-0.012997194274807533,,,,
2023-12-09 01:14,平倉,,,,,,43816.60560160373,0.012997194274807533,0.956590805537879,0.0
2023-12-09 04:44,開倉,-1.0,44260.23796561241,-0.012910106779182992,44260.23796561241,-0.012910106779182992,,,,
2023-12-09 07:14,平倉,,,,,,44325.65175,0.012910106779182992,-1.4167478384235799,0.0
2023-12-09 16:44,開倉,1.0,43907.41265631067,0.01298156524503756,43907.41265631067,0.01298156524503756,,,,
2023-12-09 19:14,平倉,,,,,,43897.80528358692,-0.01298156524503756,-0.6945809592496272,0.0
2023-12-10 07:14,開倉,1.0,43875.926999999996,0.012962045040173077,43875.926999999996,0.012962045040173077,,,,
2023-12-10 09:44,平倉,,,,,,43885.066774777544,-0.012962045040173077,-0.45037003980205254,0.0
2023-12-10 17:44,開倉,1.0,43771.7415487077,0.01296960368812331,43771.7415487077,0.01296960368812331,,,,
2023-12-10 20:14,平倉,,,,,,43789.30400470525,-0.01296960368812331,-0.3401518246414806,0.0
2023-12-11 07:14,開倉,1.0,43760.35931586541,0.01295222072200759,43760.359315865404,0.01295222072200759,,,,
2023-12-11 09:44,平倉,,,,,,43347.076841289054,-0.01295222072200759,-5.914366738152576,0.0
2023-12-11 09:44,開倉,1.0,43390.44560251095,0.012913198373557474,43390.44560251095,0.012913198373557474,,,,
2023-12-11 10:14,平倉,,,,,,42480.13530446327,-0.012913198373557474,-12.303571874303966,0.0
2023-12-11 10:14,開倉,1.0,41791.925482911465,0.013099159993467752,41791.925482911465,0.013099159993467752,,,,
2023-12-11 12:44,平倉,,,,,,42127.93876092623,-0.013099159993467752,3.8496510786205365,0.0
2023-12-11 21:59,開倉,1.0,42055.842738392865,0.013095516473843712,42055.842738392865,0.013095516473843712,,,,
2023-12-12 00:29,平倉,,,,,,41853.26736353712,-0.013095516473843712,-3.2009193108618885,0.0
2023-12-12 01:59,開倉,1.0,41468.39097001822,0.013190515245071104,41468.39097001822,0.013190515245071104,,,,
2023-12-12 03:44,平倉,,,,,,40598.40443682414,-0.013190515245071104,-12.011084501752585,0.0
2023-12-12 03:44,開倉,1.0,40564.272,0.013174773364516206,40564.272,0.013174773364516206,,,,
2023-12-12 06:14,平倉,,,,,,41156.4115,-0.013174773364516206,7.259077318668739,0.0
2023-12-12 16:59,開倉,-1.0,42042.885771704714,-0.012858589800974008,42042.885771704714,-0.012858589800974008,,,,
2023-12-12 19:29,平倉,,,,,,41827.94256935491,0.012858589800974008,2.2260181138058117,0.0
2023-12-12 22:59,開倉,1.0,41519.1492,0.01307443345793899,41519.1492,0.01307443345793899,,,,
2023-12-13 01:29,平倉,,,,,,40969.16929465665,-0.01307443345793899,-7.726324353385274,0.0
2023-12-13 01:29,開倉,1.0,41010.15895878336,0.013034966669946683,41010.15895878336,0.013034966669946683,,,,
2023-12-13 03:59,平倉,,,,,,41178.26532712025,-0.013034966669946683,1.6545035922119347,0.0
2023-12-13 10:29,開倉,1.0,40960.34909760902,0.013078173513273346,40960.34909760902,0.013078173513273346,,,,
2023-12-13 12:59,平倉,,,,,,40926.863132229686,-0.013078173513273346,-0.9731838828876564,0.0
2023-12-13 23:14,開倉,-1.0,41803.987550000005,-0.01276536161008416,41803.987550000005,-0.01276536161008416,,,,
2023-12-14 01:44,平倉,,,,,,42171.27338457271,0.01276536161008416,-5.226868046893947,0.0
2023-12-14 03:44,開倉,-1.0,42719.8294,-0.012356917020132703,42719.8294,-0.012356917020132703,,,,
2023-12-14 06:14,平倉,,,,,,43400.789549999994,0.012356917020132703,-8.950868022644608,0.0
2023-12-14 06:14,開倉,-1.0,43357.41045,-0.011956695928021588,43357.410449999996,-0.011956695928021588,,,,
2023-12-14 08:44,平倉,,,,,,42697.43805,0.011956695928021588,7.380569024017231,0.0
2023-12-14 14:29,開倉,-1.0,42993.86879513831,-0.012217325732005003,42993.86879513831,-0.012217325732005003,,,,
2023-12-14 16:59,平倉,,,,,,42789.90203954032,0.012217325732005003,1.9691501203832542,0.0
2023-12-14 19:44,開倉,-1.0,43169.26834158327,-0.012201116161210253,43169.26834158327,-0.012201116161210253,,,,
2023-12-14 22:14,平倉,,,,,,42446.71275,0.012201116161210253,8.298087432915242,0.0
2023-12-14 22:14,開倉,1.0,42446.71275,0.012604403487958903,42446.71275,0.012604403487958903,,,,
2023-12-15 00:44,平倉,,,,,,42703.400430344125,-0.012604403487958903,2.6971442041136515,0.0
2023-12-15 10:14,開倉,1.0,42900.13935,0.012521607438851359,42900.13935,0.012521607438851359,,,,
2023-12-15 12:44,平倉,,,,,,42752.65132181951,-0.012521607438851359,-2.3821191076282204,0.0
2023-12-15 13:44,開倉,1.0,42673.61645908697,0.012519631352650627,42673.61645908697,0.012519631352650627,,,,
2023-12-15 16:14,平倉,,,,,,42735.829496359795,-0.012519631352650627,0.24384746114036115,0.0
2023-12-15 21:29,開倉,1.0,42511.75717079741,0.012560463890406215,42511.75717079742,0.012560463890406215,,,,
2023-12-15 23:59,平倉,,,,,,41880.127939550606,-0.012560463890406215,-8.459589985910963,0.0
2023-12-16 08:44,開倉,1.0,41830.27420004764,0.01254998554863548,41830.274200047636,0.01254998554863548,,,,
2023-12-16 11:14,平倉,,,,,,42160.80905,-0.01254998554863548,3.619090045926335,0.0
2023-12-16 20:44,開倉,-1.0,42476.43593796983,-0.012419526067160961,42476.435937969836,-0.012419526067160961,,,,
2023-12-16 23:14,平倉,,,,,,42413.5962,0.012419526067160961,0.25368300016200696,0.0
2023-12-16 23:59,開倉,-1.0,42563.23973324038,-0.012387766753662474,42563.23973324038,-0.012387766753662474,,,,
2023-12-17 02:29,平倉,,,,,,42475.36607515282,0.012387766753662474,0.5623834524643045,0.0
2023-12-17 09:44,開倉,1.0,42197.54976134529,0.01250845496615028,42197.54976134528,0.01250845496615028,,,,
2023-12-17 12:14,平倉,,,,,,42016.3545263935,-0.01250845496615028,-2.792032114910575,0.0
2023-12-17 21:44,開倉,1.0,41867.050474235264,0.012527862047495677,41867.050474235264,0.012527862047495677,,,,
2023-12-18 00:14,平倉,,,,,,41857.98982453541,-0.012527862047495677,-0.6379016916076818,0.0
2023-12-18 01:14,開倉,-1.0,42496.48953042769,-0.012302629483545317,42496.48953042769,-0.012302629483545317,,,,
2023-12-18 03:44,平倉,,,,,,42221.41695570865,0.012302629483545317,2.8646815187767882,0.0
2023-12-18 06:44,開倉,1.0,41687.42013079869,0.012610151393037266,41687.42013079869,0.012610151393037266,,,,
2023-12-18 09:14,平倉,,,,,,41496.74489695561,-0.012610151393037266,-2.9277238011328057,0.0
2023-12-18 09:44,開倉,1.0,41100.676641586644,0.012706105751108464,41100.676641586644,0.012706105751108464,,,,
2023-12-18 12:14,平倉,,,,,,41124.92752276355,-0.012706105751108464,-0.21440341731955143,0.0
2023-12-18 18:14,開倉,1.0,40994.611282089994,0.012721002255247542,40994.61128209,0.012721002255247542,,,,
2023-12-18 20:44,平倉,,,,,,41034.77030788157,-0.012721002255247542,-0.011140347967060538,0.0
2023-12-19 04:44,開倉,-1.0,41915.469782209395,-0.01241639296364644,41915.469782209395,-0.01241639296364644,,,,
2023-12-19 07:14,平倉,,,,,,42728.953799999996,0.01241639296364644,-10.631076715840345,0.0
2023-12-19 09:59,開倉,-1.0,43323.42745,-0.011755602779984518,43323.42745,-0.011755602779984518,,,,
2023-12-19 12:29,平倉,,,,,,43078.5285,0.011755602779984518,2.3725207080430772,0.0
2023-12-19 18:44,開倉,-1.0,43140.4307866937,-0.011848636903675994,43140.4307866937,-0.011848636903675994,,,,
2023-12-19 21:14,平倉,,,,,,42989.23142389506,0.011848636903675994,1.282142555958488,0.0
2023-12-19 21:59,開倉,1.0,42873.89093910337,0.011952217836786447,42873.89093910337,0.011952217836786447,,,,
2023-12-20 00:29,平倉,,,,,,42463.257750000004,-0.011952217836786447,-5.41550743386532,0.0
2023-12-20 01:14,開倉,1.0,42061.02,0.01204219903664127,42061.02,0.01204219903664127,,,,
2023-12-20 03:44,平倉,,,,,,42282.24830000001,-0.01204219903664127,2.1549039713926166,0.0
2023-12-20 12:59,開倉,-1.0,42828.575000000004,-0.011853032539026078,42828.575000000004,-0.011853032539026078,,,,
2023-12-20 15:29,平倉,,,,,,42865.52205,0.011853032539026078,-0.9460210135319567,0.0
2023-12-20 21:14,開倉,-1.0,43160.85186156845,-0.011728117693941874,43160.85186156845,-0.011728117693941874,,,,
2023-12-20 22:29,平倉,,,,,,44068.11499074459,0.011728117693941874,-11.157324797513324,0.0
2023-12-20 22:29,開倉,-1.0,44056.33116138672,-0.011225125850900661,44056.33116138672,-0.011225125850900661,,,,
2023-12-21 00:59,平倉,,,,,,43584.97608435355,0.011225125850900661,4.80177321840296,0.0
2023-12-21 19:14,開倉,-1.0,44032.71893742471,-0.011328915306441596,44032.71893742471,-0.011328915306441596,,,,
2023-12-21 21:44,平倉,,,,,,44156.447383816856,0.011328915306441596,-1.9019537428188271,0.0
2023-12-21 22:59,開倉,1.0,43543.74899231916,0.011412431186096805,43543.74899231916,0.011412431186096805,,,,
2023-12-22 01:29,平倉,,,,,,43539.21220467949,-0.011412431186096805,-0.5486640399264434,0.0
2023-12-22 15:59,開倉,1.0,43635.907049999994,0.011364354395346277,43635.907049999994,0.011364354395346277,,,,
2023-12-22 18:29,平倉,,,,,,43736.02105,-0.011364354395346277,0.6406993328812709,0.0
2023-12-22 22:29,開倉,1.0,43470.02415,0.01141105392972509,43470.02415,0.01141105392972509,,,,
2023-12-23 00:59,平倉,,,,,,43565.4064,-0.01141105392972509,0.5912847967877575,0.0
2023-12-23 10:59,開倉,1.0,43534.45634999999,0.011396354178475718,43534.45634999999,0.011396354178475718,,,,
2023-12-23 13:29,平倉,,,,,,43550.214,-0.011396354178475718,-0.31673390287187597,0.0
2023-12-24 08:14,開倉,1.0,43702.2402,0.01133399127469887,43702.2402,0.01133399127469887,,,,
2023-12-24 10:44,平倉,,,,,,43834.82443678341,-0.01133399127469887,1.0058850651713411,0.0
2023-12-24 13:44,開倉,1.0,43571.774999999994,0.011379651819320696,43571.774999999994,0.011379651819320696,,,,
2023-12-24 16:14,平倉,,,,,,43629.14240949328,-0.011379651819320696,0.1563366960144032,0.0
2023-12-25 04:44,開倉,1.0,43526.3523,0.0113837236016141,43526.3523,0.0113837236016141,,,,
2023-12-25 07:14,平倉,,,,,,43084.447,-0.0113837236016141,-5.5209892294647345,0.0
2023-12-25 20:59,開倉,-1.0,43684.147000000004,-0.011193608671700597,43684.147000000004,-0.011193608671700597,,,,
2023-12-25 23:29,平倉,,,,,,43763.6709,0.011193608671700597,-1.3800328227390621,0.0
2023-12-26 04:14,開倉,1.0,43459.61895,0.011219668642727488,43459.61895,0.011219668642727488,,,,
2023-12-26 06:44,平倉,,,,,,43736.3209,-0.011219668642727488,2.6137971636465793,0.0
2023-12-26 13:14,開倉,1.0,43284.0312,0.01131432928306383,43284.0312,0.01131432928306383,,,,
2023-12-26 15:44,平倉,,,,,,42796.39110000001,-0.01131432928306383,-6.0015331240582395,0.0
2023-12-26 23:14,開倉,1.0,42556.0674,0.011355261486356284,42556.0674,0.011355261486356284,,,,
2023-12-27 01:44,平倉,,,,,,42044.98077107102,-0.011355261486356284,-6.280954064513211,0.0
2023-12-27 01:44,開倉,1.0,42087.04678484897,0.011321005823035961,42087.04678484897,0.011321005823035961,,,,
2023-12-27 04:14,平倉,,,,,,42161.424862769585,-0.011321005823035961,0.36472491686658115,0.0
2023-12-27 16:44,開倉,-1.0,42745.75935637608,-0.011132795215024752,42745.75935637608,-0.011132795215024752,,,,
2023-12-27 19:14,平倉,,,,,,43212.09525,0.011132795215024752,-5.672693412361022,0.0
2023-12-28 04:29,開倉,-1.0,43316.333814362115,-0.010844276164446054,43316.333814362115,-0.010844276164446054,,,,
2023-12-28 06:59,平倉,,,,,,43357.80145463396,0.010844276164446054,-0.9198705158530842,0.0
2023-12-28 13:14,開倉,1.0,43222.76807825726,0.010846458402012638,43222.76807825726,0.010846458402012638,,,,
2023-12-28 15:44,平倉,,,,,,42963.60745,-0.010846458402012638,-3.27697795483859,0.0
2023-12-28 20:59,開倉,1.0,42841.8102,0.010855430454567543,42841.8102,0.010855430454567543,,,,
2023-12-28 23:29,平倉,,,,,,42467.455649999996,-0.010855430454567543,-4.524782294266974,0.0
2023-12-28 23:29,開倉,1.0,42509.94435,0.010822737001869278,42509.94435,0.010822737001869278,,,,
2023-12-29 01:59,平倉,,,,,,42614.47128087227,-0.010822737001869278,0.6700622672965664,0.0
2023-12-29 09:44,開倉,1.0,42382.78454241026,0.010860165181392427,42382.78454241026,0.010860165181392427,,,,
2023-12-29 12:14,平倉,,,,,,42708.003754480655,-0.010860165181392427,3.068118387905555,0.0
2023-12-29 15:59,開倉,1.0,42331.25505,0.010935021385387489,42331.25505,0.010935021385387489,,,,
2023-12-29 18:29,平倉,,,,,,42785.67021429442,-0.010935021385387489,4.501177320622404,0.0
2023-12-29 23:44,開倉,1.0,42583.18095,0.010965209082753908,42583.18095,0.010965209082753908,,,,
2023-12-30 02:14,平倉,,,,,,41962.10067207091,-0.010965209082753908,-7.2703983120882025,0.0
2023-12-30 16:44,開倉,1.0,41825.602349999994,0.010978736856493405,41825.602349999994,0.010978736856493405,,,,
2023-12-30 19:14,平倉,,,,,,41928.805395886986,-0.010978736856493405,0.6727137624333372,0.0
2023-12-31 00:14,開倉,-1.0,42585.95476255413,-0.010776950676411698,42585.95476255413,-0.010776950676411698,,,,
2023-12-31 02:44,平倉,,,,,,42422.109043734716,0.010776950676411698,1.30857625350437,0.0
2023-12-31 06:59,開倉,1.0,42188.38365,0.010909542504844716,42188.38365,0.010909542504844716,,,,
2023-12-31 09:29,平倉,,,,,,42330.65766253034,-0.010909542504844716,1.0903362780071368,0.0
2023-12-31 10:44,開倉,1.0,42142.88706510601,0.010936278743358915,42142.88706510601,0.010936278743358915,,,,
2023-12-31 13:14,平倉,,,,,,42258.66010000001,-0.010936278743358915,0.8039736943908868,0.0
2023-12-31 15:29,開倉,-1.0,42535.3217,-0.010832611611649013,42535.3217,-0.010832611611649013,,,,
2023-12-31 17:59,平倉,,,,,,42824.57380461926,0.010832611611649013,-3.597257682652306,0.0
2024-01-01 06:59,開倉,1.0,42316.04745,0.010803692478523353,42316.04745,0.010803692478523353,,,,
2024-01-01 09:29,平倉,,,,,,42556.99052486765,-0.010803692478523353,2.143302247257852,0.0
2024-01-01 23:44,開倉,-1.0,42864.057250000005,-0.01069422592003355,42864.057250000005,-0.01069422592003355,,,,
2024-01-02 02:14,平倉,,,,,,43219.05473486342,0.01069422592003355,-4.258617639557982,0.0
2024-01-02 02:14,開倉,-1.0,43175.85727885657,-0.010507799581296563,43175.85727885657,-0.010507799581296563,,,,
2024-01-02 04:44,平倉,,,,,,43874.35178415568,0.010507799581296563,-7.800663165627145,0.0
2024-01-02 04:44,開倉,-1.0,43830.49935858431,-0.010162627446821372,43830.49935858431,-0.010162627446821372,,,,
2024-01-02 07:14,平倉,,,,,,43740.47479228227,0.010162627446821372,0.4703679787282519,0.0
2024-01-02 08:14,開倉,-1.0,44602.11103100869,-0.009987373870156222,44602.11103100869,-0.009987373870156222,,,,
2024-01-02 10:44,平倉,,,,,,45321.429816833304,0.009987373870156222,-7.636747709768035,0.0
2024-01-02 16:29,開倉,-1.0,45728.31714913725,-0.009564747206271419,45728.31714913725,-0.009564747206271419,,,,
2024-01-02 18:59,平倉,,,,,,45608.36361637548,0.009564747206271419,0.7110927488831928,0.0
2024-01-02 23:14,開倉,1.0,45132.28699463428,0.009706825673523817,45132.28699463428,0.009706825673523817,,,,
2024-01-03 01:44,平倉,,,,,,45074.15165,-0.009706825673523817,-1.0018365882837459,0.0
2024-01-03 15:59,開倉,1.0,45039.37178365599,0.009694864226958663,45039.37178365599,0.009694864226958663,,,,
2024-01-03 18:29,平倉,,,,,,45198.295093616805,-0.009694864226958663,1.1025485783463638,0.0
2024-01-03 18:44,開倉,1.0,45012.97579812892,0.009715350240435877,45012.97579812892,0.009715350240435877,,,,
2024-01-03 19:59,平倉,,,,,,44068.62561121966,-0.009715350240435877,-9.602834947872237,0.0
2024-01-03 19:59,開倉,1.0,43744.561349999996,0.009767423428377442,43744.561349999996,0.009767423428377442,,,,
2024-01-03 20:14,平倉,,,,,,42826.821877,-0.009767423428377442,-9.382257733091267,0.0
2024-01-03 20:14,開倉,1.0,41938.7589,0.009953971700457392,41938.7589,0.009953971700457392,,,,
2024-01-03 22:44,平倉,,,,,,42344.6171,-0.009953971700457392,3.618403916918496,0.0
2024-01-04 15:59,開倉,1.0,42787.382999999994,0.009831397410164817,42787.382999999994,0.009831397410164817,,,,
2024-01-04 18:29,平倉,,,,,,42802.89829603437,-0.009831397410164817,-0.2682752622048692,0.0
2024-01-04 22:59,開倉,-1.0,43654.296743644474,-0.009610754441308553,43654.296743644474,-0.009610754441308553,,,,
2024-01-05 01:29,平倉,,,,,,44027.91293905203,0.009610754441308553,-4.013874969178532,0.0
2024-01-05 06:14,開倉,-1.0,44578.56681476581,-0.009312087556638097,44578.56681476581,-0.009312087556638097,,,,
2024-01-05 08:44,平倉,,,,,,44118.54825,0.009312087556638097,3.8728973686024273,0.0
2024-01-05 09:59,開倉,1.0,43387.98335629309,0.00965692154458908,43387.98335629309,0.00965692154458908,,,,
2024-01-05 12:29,平倉,,,,,,43367.9052,-0.00965692154458908,-0.6126936381519064,0.0
2024-01-05 22:44,開倉,1.0,43630.70445,0.009579541579376514,43630.70445,0.009579541579376514,,,,
2024-01-06 01:14,平倉,,,,,,43298.068486344746,-0.009579541579376514,-3.601275692003089,0.0
2024-01-06 07:14,開倉,-1.0,44181.48199706552,-0.009359739583938093,44181.48199706552,-0.009359739583938093,,,,
2024-01-06 09:44,平倉,,,,,,44053.246027576184,0.009359739583938093,0.7879283690687703,0.0
2024-01-06 13:29,開倉,1.0,43692.13515,0.009482610244138392,43692.13515,0.009482610244138392,,,,
2024-01-06 15:59,平倉,,,,,,43631.34274216659,-0.009482610244138392,-0.9902097269393229,0.0
2024-01-07 08:44,開倉,-1.0,44132.3228,-0.009346835398721212,44132.3228,-0.009346835398721212,,,,
2024-01-07 11:14,平倉,,,,,,44008.59329999999,0.009346835398721212,0.745138192761791,0.0
2024-01-07 21:14,開倉,-1.0,44179.45348071108,-0.009344389727920548,44179.45348071108,-0.009344389727920548,,,,
2024-01-07 23:44,平倉,,,,,,44108.643299999996,0.009344389727920548,0.24950957190384776,0.0
2024-01-08 07:29,開倉,1.0,43771.993450945876,0.009437076841912095,43771.993450945876,0.009437076841912095,,,,
2024-01-08 09:59,平倉,,,,,,43677.45035000001,-0.009437076841912095,-1.3043979637105758,0.0
2024-01-08 10:59,開倉,1.0,43365.97670897835,0.00948580801287099,43365.97670897835,0.00948580801287099,,,,
2024-01-08 13:29,平倉,,,,,,43463.2575,-0.00948580801287099,0.5105027907126269,0.0
2024-01-08 19:59,開倉,-1.0,44606.2857,-0.009215052520975925,44606.2857,-0.009215052520975925,,,,
2024-01-08 22:29,平倉,,,,,,45006.79215,0.009215052520975925,-4.105427925202522,0.0
2024-01-09 01:59,開倉,-1.0,45531.70647993911,-0.008928614321059434,45531.70647993911,-0.008928614321059434,,,,
2024-01-09 02:44,平倉,,,,,,46488.80618293412,0.008928614321059434,-8.960654735496865,0.0
2024-01-09 02:44,開倉,-1.0,46806.18143137526,-0.00848547196558274,46806.18143137526,-0.00848547196558274,,,,
2024-01-09 05:14,平倉,,,,,,46841.05576841247,0.00848547196558274,-0.693393674808694,0.0
2024-01-09 16:59,開倉,1.0,46445.46208381917,0.008536437841098312,46445.46208381917,0.008536437841098312,,,,
2024-01-09 19:29,平倉,,,,,,46438.13651782929,-0.008536437841098312,-0.45895050456435044,0.0
2024-01-09 20:59,開倉,1.0,46158.42068865607,0.00857098092087763,46158.42068865607,0.00857098092087763,,,,
2024-01-09 23:29,平倉,,,,,,46680.68467188489,-0.00857098092087763,4.076215378219529,0.0
2024-01-10 05:14,開倉,-1.0,47969.70315,-0.008315796091575586,47969.70315,-0.008315796091575586,,,,
2024-01-10 05:59,平倉,,,,,,45616.81200749999,0.008315796091575586,19.186822859702303,0.0
2024-01-10 05:59,開倉,1.0,45436.706999999995,0.009201870336679982,45436.706999999995,0.009201870336679982,,,,
2024-01-10 08:29,平倉,,,,,,45971.003000000004,-0.009201870336679982,4.493503304553727,0.0
2024-01-10 16:59,開倉,1.0,45488.2875680053,0.009281073155965273,45488.2875680053,0.009281073155965273,,,,
2024-01-10 19:29,平倉,,,,,,45540.92333607567,-0.009281073155965273,0.06584777300923,0.0
2024-01-10 20:29,開倉,1.0,45306.00857182418,0.009310544615107634,45306.00857182418,0.009310544615107634,,,,
2024-01-10 22:59,平倉,,,,,,44877.20240020684,-0.009310544615107634,-4.410250187225083,0.0
2024-01-11 01:44,開倉,-1.0,46377.068646919346,-0.008982291372050484,46377.068646919346,-0.008982291372050484,,,,
2024-01-11 04:14,平倉,,,,,,45640.6888923662,0.008982291372050484,6.2044195498230605,0.0
2024-01-11 07:14,開倉,-1.0,47473.15155,-0.008896761286345827,47473.15155,-0.008896761286345827,,,,
2024-01-11 09:44,平倉,,,,,,46707.83711786521,0.008896761286345827,6.393271334659402,0.0
2024-01-11 13:44,開倉,1.0,46103.099227709055,0.009299890291738697,46103.099227709055,0.009299890291738697,,,,
2024-01-11 16:14,平倉,,,,,,46305.0127339888,-0.009299890291738697,1.4471419184382448,0.0
2024-01-11 18:59,開倉,-1.0,46882.05769838319,-0.009157940702033206,46882.05769838319,-0.009157940702033206,,,,
2024-01-11 21:29,平倉,,,,,,47157.7671,0.009157940702033206,-2.956798385741849,0.0
2024-01-11 22:14,開倉,-1.0,47796.3412565189,-0.0089119510986337,47796.3412565189,-0.0089119510986337,,,,
2024-01-12 00:44,平倉,,,,,,46260.593404833744,0.0089119510986337,13.274237607832209,0.0
2024-01-12 16:44,開倉,1.0,45842.8136122202,0.009581426099199918,45842.8136122202,0.009581426099199918,,,,
2024-01-12 19:14,平倉,,,,,,46080.88899858546,-0.009581426099199918,1.839581087971868,0.0
2024-01-12 22:44,開倉,1.0,45358.48001478436,0.00971462386722846,45358.48001478436,0.00971462386722846,,,,
2024-01-13 00:29,平倉,,,,,,44406.88131862212,-0.00971462386722846,-9.67581955488825,0.0
2024-01-13 00:29,開倉,1.0,44270.64858294039,0.009724706277315398,44270.64858294039,0.009724706277315398,,,,
2024-01-13 02:59,平倉,,,,,,43539.96349205788,-0.009724706277315398,-7.529111246331188,0.0
2024-01-13 06:14,開倉,1.0,42601.490099999995,0.009918794931064812,42601.490099999995,0.009918794931064812,,,,
2024-01-13 08:44,平倉,,,,,,42989.72619564423,-0.009918794931064812,3.4244279392552146,0.0
2024-01-13 19:14,開倉,1.0,42747.455743238446,0.009955184702622761,42747.455743238446,0.009955184702622761,,,,
2024-01-13 21:44,平倉,,,,,,42741.57389808211,-0.009955184702622761,-0.4840551175597468,0.0
2024-01-14 07:44,開倉,1.0,42841.02503389314,0.009912198609000526,42841.02503389314,0.009912198609000526,,,,
2024-01-14 10:14,平倉,,,,,,42811.765355976524,-0.009912198609000526,-0.7143864597552164,0.0
2024-01-14 10:29,開倉,1.0,42787.1700125495,0.009898040555119406,42787.1700125495,0.009898040555119406,,,,
2024-01-14 12:59,平倉,,,,,,42611.1406657529,-0.009898040555119406,-2.164112411893412,0.0
2024-01-14 12:59,開倉,1.0,42653.77312264709,0.009868299984763155,42653.77312264709,0.009868299984763155,,,,
2024-01-14 15:29,平倉,,,,,,42975.40931875368,-0.009868299984763155,2.7499082380124444,0.0
2024-01-15 03:59,開倉,1.0,42740.914065023935,0.009902698396102567,42740.914065023935,0.009902698396102567,,,,
2024-01-15 06:29,平倉,,,,,,42325.97224752978,-0.009902698396102567,-4.5281850080643276,0.0
2024-01-15 07:14,開倉,1.0,42060.31965,0.009945156706690687,42060.31965,0.009945156706690687,,,,
2024-01-15 09:44,平倉,,,,,,42449.03941723274,-0.009945156706690687,3.4437166510651136,0.0
2024-01-15 22:29,開倉,1.0,42486.23665467629,0.009916703293076468,42486.23665467629,0.009916703293076468,,,,
2024-01-16 00:59,平倉,,,,,,42613.09572229562,-0.009916703293076468,0.8354423069397198,0.0
2024-01-16 02:29,開倉,-1.0,43208.17968657807,-0.009750843590218475,43208.17968657807,-0.009750843590218475,,,,
2024-01-16 04:59,平倉,,,,,,43010.98525915694,0.009750843590218475,1.50341862872287,0.0
2024-01-16 16:59,開倉,-1.0,43106.444260947464,-0.009798947014985394,43106.444260947464,-0.009798947014985394,,,,
2024-01-16 19:29,平倉,,,,,,42912.1221648132,0.009798947014985394,1.483658312466993,0.0
2024-01-16 22:44,開倉,1.0,42145.98045070585,0.010057475446810299,42145.98045070585,0.010057475446810299,,,,
2024-01-17 01:14,平倉,,,,,,43166.63113849444,-0.010057475446810299,9.831021899406876,0.0
2024-01-17 20:14,開倉,1.0,42661.11584190196,0.01015664964029955,42661.11584190196,0.01015664964029955,,,,
2024-01-17 22:44,平倉,,,,,,42731.21409283599,-0.01015664964029955,0.27795740488912374,0.0
2024-01-17 23:59,開倉,1.0,42504.03076842687,0.010190529810219687,42504.03076842687,0.010190529810219687,,,,
2024-01-18 02:29,平倉,,,,,,42479.2306801397,-0.010190529810219687,-0.6856119055476594,0.0
2024-01-18 16:14,開倉,-1.0,42970.58062234966,-0.01004378979978782,42970.58062234966,-0.01004378979978782,,,,
2024-01-18 18:44,平倉,,,,,,42684.065077445295,0.01004378979978782,2.4489921299528046,0.0
2024-01-18 18:59,開倉,1.0,42553.47720901173,0.01019981737209871,42553.47720901173,0.01019981737209871,,,,
2024-01-18 21:29,平倉,,,,,,42440.9248382419,-0.01019981737209871,-1.5809033091020455,0.0
2024-01-19 00:44,開倉,1.0,42266.439974848094,0.010221389543597414,42266.439974848094,0.010221389543597414,,,,
2024-01-19 03:14,平倉,,,,,,41379.71076438127,-0.010221389543597414,-9.48656282279211,0.0
2024-01-19 03:14,開倉,1.0,41397.374030113635,0.010196255526601092,41397.374030113635,0.010196255526601092,,,,
2024-01-19 05:44,平倉,,,,,,41144.434485123194,-0.010196255526601092,-2.9985554010125584,0.0
2024-01-19 22:29,開倉,1.0,41102.26577068411,0.010186198545491866,41102.26577068411,0.010186198545491866,,,,
2024-01-20 00:59,平倉,,,,,,40481.603212350296,-0.010186198545491866,-6.734545696702011,0.0
2024-01-20 00:59,開倉,1.0,40522.105066489705,0.01015542112107087,40522.105066489705,0.01015542112107087,,,,
2024-01-20 03:29,平倉,,,,,,41757.00878086514,-0.01015542112107087,12.116907254531192,0.0
2024-01-20 04:14,開倉,-1.0,42203.84881631152,-0.010018215770710999,42203.84881631152,-0.010018215770710999,,,,
2024-01-20 06:44,平倉,,,,,,41627.40829178464,0.010018215770710999,5.357873195449517,0.0
2024-01-20 17:29,開倉,1.0,41540.66723370003,0.010307196406482465,41540.66723370003,0.010307196406482465,,,,
2024-01-20 19:59,平倉,,,,,,41562.8082,-0.010307196406482465,-0.20018473903923706,0.0
2024-01-21 04:44,開倉,-1.0,41809.07058191265,-0.010215769398158846,41809.07058191265,-0.010215769398158846,,,,
2024-01-21 07:14,平倉,,,,,,41791.10908448625,0.010215769398158846,-0.24343781754664492,0.0
2024-01-21 13:59,開倉,1.0,41683.0109087094,0.010240821262202798,41683.0109087094,0.010240821262202798,,,,
2024-01-21 16:29,平倉,,,,,,41796.523681041384,-0.010240821262202798,0.734433284029975,0.0
2024-01-21 18:29,開倉,-1.0,41855.53237202633,-0.010195761384508655,41855.53237202633,-0.010195761384508655,,,,
2024-01-21 20:59,平倉,,,,,,41805.6695131623,0.010195761384508655,0.08214918005130162,0.0
2024-01-21 23:29,開倉,1.0,41767.762422489,0.010219154349966357,41767.762422489,0.010219154349966357,,,,
2024-01-22 01:59,平倉,,,,,,41750.70467990243,-0.010219154349966357,-0.6009725996979428,0.0
2024-01-22 06:59,開倉,1.0,41671.05549084783,0.010218193139576393,41671.05549084783,0.010218193139576393,,,,
2024-01-22 09:29,平倉,,,,,,41376.00804295193,-0.010218193139576393,-3.4376398494669616,0.0
2024-01-22 09:29,開倉,1.0,41417.404749348076,0.010187444660640067,41417.404749348076,0.010187444660640067,,,,
2024-01-22 11:59,平倉,,,,,,41238.02261505949,-0.010187444660640067,-2.247555639477615,0.0
2024-01-22 12:29,開倉,1.0,41077.12045770081,0.010206817963253451,41077.12045770081,0.010206817963253451,,,,
2024-01-22 14:59,平倉,,,,,,41199.00913656698,-0.010206817963253451,0.8235847704450937,0.0
2024-01-22 17:59,開倉,1.0,40858.16299133964,0.010271416541508708,40858.16299133964,0.010271416541508708,,,,
2024-01-22 20:29,平倉,,,,,,40802.305147467145,-0.010271416541508708,-0.99283665354833,0.0
2024-01-22 23:29,開倉,1.0,40484.17422564726,0.010331395047234218,40484.17422564726,0.010331395047234218,,,,
2024-01-23 01:59,平倉,,,,,,40775.371380337514,-0.010331395047234218,2.587206371807661,0.0
2024-01-23 03:14,開倉,1.0,40328.141384245275,0.010425177444437694,40328.141384245275,0.010425177444437694,,,,
2024-01-23 05:44,平倉,,,,,,39943.55907268845,-0.010425177444437694,-4.425757531067102,0.0
2024-01-23 15:29,開倉,1.0,39831.74235275727,0.010433372901463794,39831.74235275727,0.010433372901463794,,,,
2024-01-23 17:59,平倉,,,,,,39035.07759617069,-0.010433372901463794,-8.719168003720084,0.0
2024-01-23 17:59,開倉,1.0,39074.132201069304,0.010401769241890131,39074.132201069304,0.010401769241890131,,,,
2024-01-23 20:29,平倉,,,,,,38951.58336770892,-0.010401769241890131,-1.6798900672747383,0.0
2024-01-24 07:29,開倉,-1.0,39786.32659793361,-0.010152949946048859,39786.32659793361,-0.010152949946048859,,,,
2024-01-24 09:59,平倉,,,,,,39881.212447873484,0.010152949946048859,-1.3682832387988797,0.0
2024-01-24 16:14,開倉,-1.0,40149.953358131344,-0.01001687930228062,40149.953358131344,-0.01001687930228062,,,,
2024-01-24 18:44,平倉,,,,,,40389.85608940689,0.01001687930228062,-2.8076570169586437,0.0
2024-01-24 18:44,開倉,-1.0,40349.48641815311,-0.00988783359741825,40349.48641815311,-0.00988783359741825,,,,
2024-01-24 21:14,平倉,,,,,,40107.395907825856,0.00988783359741825,1.997175424867582,0.0
2024-01-25 02:29,開倉,1.0,39866.39362155318,0.010057774108254949,39866.39362155318,0.010057774108254949,,,,
2024-01-25 04:59,平倉,,,,,,39574.37247789866,-0.010057774108254949,-3.3351127965700913,0.0
2024-01-25 04:59,開倉,1.0,39613.96664746134,0.010027504619098748,39613.96664746134,0.010027504619098748,,,,
2024-01-25 07:29,平倉,,,,,,40103.063981597814,-0.010027504619098748,4.502292117926885,0.0
2024-01-25 13:29,開倉,1.0,39876.1136223648,0.010064580333851311,39876.1136223648,0.010064580333851311,,,,
2024-01-25 15:59,平倉,,,,,,40108.40046316225,-0.010064580333851311,1.9341953511787193,0.0
2024-01-25 19:29,開倉,-1.0,40320.09532409159,-0.009981804420617416,40320.09532409159,-0.009981804420617416,,,,
2024-01-25 21:59,平倉,,,,,,39963.03641074915,0.009981804420617416,3.165189026116345,0.0
2024-01-26 10:29,開倉,-1.0,40234.068306148074,-0.010071779046100628,40234.068306148074,-0.010071779046100628,,,,
2024-01-26 12:59,平倉,,,,,,40214.52062033431,0.010071779046100628,-0.20815179375405152,0.0
2024-01-26 17:44,開倉,-1.0,40301.4394922638,-0.010039730030816233,40301.4394922638,-0.010039730030816233,,,,
2024-01-26 19:44,平倉,,,,,,41148.596314407325,0.010039730030816233,-8.91834658622886,0.0
2024-01-26 19:44,開倉,-1.0,41208.68535000001,-0.009592571767837262,41208.68535000001,-0.009592571767837262,,,,
2024-01-26 22:14,平倉,,,,,,41199.42249760053,0.009592571767837262,-0.3063538406847961,0.0
2024-01-27 14:44,開倉,1.0,41757.3966097828,0.009459180811737444,41757.3966097828,0.009459180811737444,,,,
2024-01-27 17:14,平倉,,,,,,41623.408668857875,-0.009459180811737444,-1.6611395084008374,0.0
2024-01-28 04:44,開倉,-1.0,41995.49175,-0.00934721449435745,41995.49175,-0.00934721449435745,,,,
2024-01-28 07:14,平倉,,,,,,42151.56525,0.00934721449435745,-1.8528522030497383,0.0
2024-01-28 12:29,開倉,-1.0,42333.04404968987,-0.009219667698581938,42333.04404968987,-0.009219667698581938,,,,
2024-01-28 14:59,平倉,,,,,,42409.69425,0.009219667698581938,-1.0976926640726399,0.0
2024-01-28 23:44,開倉,1.0,42229.26559606765,0.009216318396762076,42229.26559606765,0.009216318396762076,,,,
2024-01-29 02:14,平倉,,,,,,42117.02571065099,-0.009216318396762076,-1.4226024396900088,0.0
2024-01-29 02:14,開倉,1.0,42159.16380540901,0.009188646446721157,42159.16380540901,0.009188646446721157,,,,
2024-01-29 04:44,平倉,,,,,,41892.99884258975,-0.009188646446721157,-2.830635694808259,0.0
2024-01-29 11:29,開倉,-1.0,42425.47665,-0.009046027920296896,42425.47665,-0.009046027920296896,,,,
2024-01-29 13:59,平倉,,,,,,42196.77916079757,0.009046027920296896,1.6870906301918025,0.0
2024-01-29 15:59,開倉,1.0,42057.51825,0.009165304958984457,42057.51825,0.009165304958984457,,,,
2024-01-29 18:29,平倉,,,,,,42192.0934,-0.009165304958984457,0.8467188867820938,0.0
2024-01-29 23:59,開倉,-1.0,42601.78845,-0.009049989109533396,42601.78845,-0.009049989109533396,,,,
2024-01-30 02:29,平倉,,,,,,43013.896199999996,0.009049989109533396,-4.118845941622871,0.0
2024-01-30 07:44,開倉,-1.0,43218.180100000005,-0.008816742888528876,43218.180100000005,-0.008816742888528876,,,,
2024-01-30 10:14,平倉,,,,,,43500.81610562367,0.008816742888528876,-2.875464503669127,0.0
2024-01-30 10:14,開倉,-1.0,43457.33702905633,-0.008693323798638674,43457.33702905633,-0.008693323798638674,,,,
2024-01-30 12:44,平倉,,,,,,43423.701,0.008693323798638674,-0.0850874014411605,0.0
2024-01-30 20:14,開倉,-1.0,43603.3874,-0.00865359505428121,43603.3874,-0.00865359505428121,,,,
2024-01-30 22:44,平倉,,,,,,43446.7285065993,0.00865359505428121,0.9796922302120703,0.0
2024-01-31 07:14,開倉,1.0,43221.47714550344,0.008752737405334391,43221.47714550344,0.008752737405334391,,,,
2024-01-31 09:44,平倉,,,,,,42799.77614020322,-0.008752737405334391,-4.065653364520675,0.0
2024-01-31 17:29,開倉,1.0,42810.58623838128,0.008732888077249125,42810.58623838128,0.008732888077249125,,,,
2024-01-31 19:59,平倉,,,,,,42628.541828219204,-0.008732888077249125,-1.9620437437163982,0.0
2024-01-31 23:44,開倉,-1.0,43349.414450000004,-0.008561860725888498,43349.414450000004,-0.008561860725888498,,,,
2024-02-01 02:14,平倉,,,,,,43592.28525,0.008561860725888498,-2.4526570390187974,0.0
2024-02-01 05:29,開倉,1.0,42368.41137278695,0.008702185280230434,42368.41137278695,0.008702185280230434,,,,
2024-02-01 07:59,平倉,,,,,,42561.39711208185,-0.008702185280230434,1.3090204963317114,0.0
2024-02-01 21:14,開倉,1.0,42081.53566164447,0.008783865723413373,42081.53566164447,0.008783865723413373,,,,
2024-02-01 23:44,平倉,,,,,,42663.8574,-0.008783865723413373,4.740282362895185,0.0
2024-02-02 01:14,開倉,-1.0,42914.50481771794,-0.008706556557613808,42914.50481771794,-0.008706556557613808,,,,
2024-02-02 03:44,平倉,,,,,,43005.492,0.008706556557613808,-1.1666147969426537,0.0
2024-02-02 08:29,開倉,-1.0,43250.9637,-0.008603232142625103,43250.9637,-0.008603232142625103,,,,
2024-02-02 10:59,平倉,,,,,,43086.3324,0.008603232142625103,1.0456795720306546,0.0
2024-02-02 21:44,開倉,1.0,42852.10468044789,0.008707723608695785,42852.10468044789,0.008707723608695785,,,,
2024-02-03 00:14,平倉,,,,,,43316.36218267087,-0.008707723608695785,3.6654391030003133,0.0
2024-02-03 15:59,開倉,1.0,43058.41845,0.00874250002963221,43058.41845,0.00874250002963221,,,,
2024-02-03 18:29,平倉,,,,,,43039.16463761745,-0.00874250002963221,-0.5445963534446985,0.0
2024-02-03 23:14,開倉,1.0,42984.02971257918,0.008736191836612242,42984.02971257918,0.008736191836612242,,,,
2024-02-04 01:44,平倉,,,,,,43155.311550000006,-0.008736191836612242,1.1193379093662243,0.0
2024-02-04 12:29,開倉,1.0,42924.35145,0.008765675190421745,42924.35145,0.008765675190421745,,,,
2024-02-04 14:59,平倉,,,,,,42726.88500459292,-0.008765675190421745,-2.1054567172943806,0.0
2024-02-04 14:59,開倉,1.0,42769.633263727075,0.008739330584546425,42769.633263727075,0.008739330584546425,,,,
2024-02-04 17:29,平倉,,,,,,42883.93952140125,-0.008739330584546425,0.6241832494517168,0.0
2024-02-05 02:44,開倉,1.0,42827.005083681266,0.008733473046474273,42827.005083681266,0.008733473046474273,,,,
2024-02-05 05:14,平倉,,,,,,42858.50833637474,-0.008733473046474273,-0.09917081909310055,0.0
2024-02-05 06:44,開倉,1.0,42524.52170338418,0.008784462321571731,42524.52170338418,0.008784462321571731,,,,
2024-02-05 09:14,平倉,,,,,,42370.55738466935,-0.008784462321571731,-1.7246963215064615,0.0
2024-02-05 09:14,開倉,1.0,42412.94913793065,0.00875807426011306,42412.94913793065,0.00875807426011306,,,,
2024-02-05 11:44,平倉,,,,,,42636.311187806095,-0.00875807426011306,1.5828094401401405,0.0
2024-02-05 15:44,開倉,-1.0,43045.85519661447,-0.008648805659034869,43045.85519661447,-0.008648805659034869,,,,
2024-02-05 18:14,平倉,,,,,,43248.878890358865,0.008648805659034869,-2.1299636198685046,0.0
2024-02-05 18:14,開倉,-1.0,43205.65162510114,-0.008558931861617216,43205.65162510114,-0.008558931861617216,,,,
2024-02-05 20:44,平倉,,,,,,43206.192299999995,0.008558931861617216,-0.374426455514204,0.0
2024-02-05 21:44,開倉,-1.0,43421.97815,-0.008499160919101138,43421.97815,-0.008499160919101138,,,,
2024-02-06 00:14,平倉,,,,,,42685.93559521678,0.008499160919101138,5.892949480802767,0.0
2024-02-06 00:14,開倉,1.0,42685.93559521678,0.00878383642157794,42685.93559521678,0.00878383642157794,,,,
2024-02-06 02:44,平倉,,,,,,42613.663075147284,-0.00878383642157794,-1.009141439842014,0.0
2024-02-06 16:44,開倉,-1.0,43039.228086527124,-0.008670883233594523,43039.228086527124,-0.008670883233594523,,,,
2024-02-06 19:14,平倉,,,,,,42776.120880824536,0.008670883233594523,1.9104651092207263,0.0
2024-02-06 23:29,開倉,-1.0,43173.868596735054,-0.00867943137206335,43173.868596735054,-0.00867943137206335,,,,
2024-02-07 01:59,平倉,,,,,,43214.17723423187,0.00867943137206335,-0.7249305384597166,0.0
2024-02-07 11:14,開倉,1.0,42997.58805,0.00869814688691223,42997.58805,0.00869814688691223,,,,
2024-02-07 13:44,平倉,,,,,,42936.521,-0.00869814688691223,-0.9046383373213862,0.0
2024-02-08 01:29,開倉,-1.0,43507.135550000006,-0.008558309370387615,43507.135550000006,-0.008558309370387615,,,,
2024-02-08 03:59,平倉,,,,,,43617.898049999996,0.008558309370387615,-1.3212352072353977,0.0
2024-02-08 04:14,開倉,-1.0,43798.18995,-0.008462787853509549,43798.18995,-0.008462787853509549,,,,
2024-02-08 06:44,平倉,,,,,,44187.0825,0.008462787853509549,-3.6650610535233525,0.0
2024-02-08 17:44,開倉,-1.0,44597.37232694599,-0.008220688188562475,44597.37232694599,-0.008220688188562475,,,,
2024-02-08 20:14,平倉,,,,,,44800.13877097801,0.008220688188562475,-2.035167683131398,0.0
2024-02-08 21:59,開倉,-1.0,44917.809921469256,-0.00810859889841355,44917.809921469256,-0.00810859889841355,,,,
2024-02-09 00:29,平倉,,,,,,45157.01897937674,0.00810859889841355,-2.3058104577910026,0.0
2024-02-09 10:29,開倉,-1.0,45662.12532753428,-0.007917980284724077,45662.12532753428,-0.007917980284724077,,,,
2024-02-09 12:59,平倉,,,,,,45931.54767286809,0.007917980284724077,-2.4969659075378265,0.0
2024-02-09 19:44,開倉,-1.0,46899.772054614274,-0.0076481122174226835,46899.772054614274,-0.0076481122174226835,,,,
2024-02-09 22:14,平倉,,,,,,47590.08315,0.0076481122174226835,-5.643551018809674,0.0
2024-02-10 02:29,開倉,-1.0,47941.42421718968,-0.007356800111565892,47941.42421718968,-0.007356800111565892,,,,
2024-02-10 04:59,平倉,,,,,,47476.18383626373,0.007356800111565892,3.0734076917576285,0.0
2024-02-10 16:14,開倉,1.0,47134.96796617002,0.007547908375981411,47134.96796617002,0.007547908375981411,,,,
2024-02-10 18:44,平倉,,,,,,46948.39588500704,-0.007547908375981411,-1.7625911646736754,0.0
2024-02-10 18:59,開倉,1.0,46821.850133914224,0.007553118848080988,46821.850133914224,0.007553118848080988,,,,
2024-02-10 21:29,平倉,,,,,,47067.30108182746,-0.007553118848080988,1.4984152620333795,0.0
2024-02-11 03:44,開倉,-1.0,47531.75742642299,-0.007456945325800046,47531.75742642299,-0.007456945325800046,,,,
2024-02-11 06:14,平倉,,,,,,47785.880695087624,0.007456945325800046,-2.251320020134234,0.0
2024-02-11 11:44,開倉,-1.0,48160.112783137214,-0.007305573786687328,48160.11278313721,-0.007305573786687328,,,,
2024-02-11 14:14,平倉,,,,,,48263.72035039506,0.007305573786687328,-1.10950689770126,0.0
2024-02-11 19:59,開倉,-1.0,48315.49319064892,-0.007251848649183801,48315.49319064892,-0.007251848649183801,,,,
2024-02-11 22:29,平倉,,,,,,48090.683233514275,0.007251848649183801,1.2815414277246682,0.0
2024-02-12 00:14,開倉,1.0,47906.03216879161,0.007340595962452118,47906.03216879161,0.007340595962452118,,,,
2024-02-12 02:44,平倉,,,,,,48044.13875566896,-0.007340595962452118,0.6611120430505742,0.0
2024-02-12 08:29,開倉,-1.0,48599.252571902965,-0.007235021592162709,48599.252571902965,-0.007235021592162709,,,,
2024-02-12 10:59,平倉,,,,,,48119.02293566397,0.007235021592162709,3.1263296174522854,0.0
2024-02-12 17:44,開倉,1.0,47882.58260171754,0.007408634106928299,47882.58260171754,0.007408634106928299,,,,
2024-02-12 20:14,平倉,,,,,,47833.37183643666,-0.007408634106928299,-0.7189645041248122,0.0
2024-02-12 22:44,開倉,-1.0,48497.27882679171,-0.007285291127727129,48497.27882679171,-0.007285291127727129,,,,
2024-02-12 23:44,平倉,,,,,,49516.71637371606,0.007285291127727129,-7.787643010351461,0.0
2024-02-12 23:44,開倉,-1.0,49633.3853919604,-0.006954591211222157,49633.3853919604,-0.006954591211222157,,,,
2024-02-13 02:14,平倉,,,,,,49800.88003726062,0.006954591211222157,-1.5112015507499401,0.0
2024-02-13 19:14,開倉,1.0,49658.84798279365,0.006920578360658319,49658.847982793646,0.006920578360658319,,,,
2024-02-13 21:44,平倉,,,,,,49542.4164,-0.006920578360658319,-1.1486360672514564,0.0
2024-02-13 21:44,開倉,1.0,49591.98359999999,0.006899802624489461,49591.98359999999,0.006899802624489461,,,,
2024-02-13 23:14,平倉,,,,,,48551.568072,-0.006899802624489461,-7.513658027460187,0.0
2024-02-13 23:14,開倉,1.0,48523.14945,0.00688980706206815,48523.14945,0.00688980706206815,,,,
2024-02-14 01:44,平倉,,,,,,48775.7999,-0.00688980706206815,1.4046570040356599,0.0
2024-02-14 15:29,開倉,-1.0,49810.436316263374,-0.006726517998330159,49810.43631626338,-0.006726517998330159,,,,
2024-02-14 17:14,平倉,,,,,,50857.47710366176,0.006726517998330159,-7.38503243650842,0.0
2024-02-14 17:14,開倉,-1.0,50934.41421475908,-0.006426589531678471,50934.41421475908,-0.006426589531678471,,,,
2024-02-14 19:44,平倉,,,,,,51315.24726595236,0.006426589531678471,-2.777239731010766,0.0
2024-02-15 08:29,開倉,-1.0,52093.798297586654,-0.006223995211973497,52093.79829758665,-0.006223995211973497,,,,
2024-02-15 10:59,平倉,,,,,,51982.01335811022,0.006223995211973497,0.3722131258224091,0.0
2024-02-15 15:44,開倉,1.0,51744.092730716955,0.00627325619912707,51744.092730716955,0.00627325619912707,,,,
2024-02-15 18:14,平倉,,,,,,52274.649600000004,-0.00627325619912707,3.0003868995589444,0.0
2024-02-15 23:59,開倉,1.0,51965.24402066173,0.006298076291176256,51965.244020661725,0.006298076291176256,,,,
2024-02-16 02:29,平倉,,,,,,52061.02848031185,-0.006298076291176256,0.27537350521946835,0.0
2024-02-16 05:44,開倉,1.0,51545.78214251572,0.006348320351548602,51545.78214251572,0.006348320351548602,,,,
2024-02-16 08:14,平倉,,,,,,52054.44545023346,-0.006348320351548602,2.8986993330302604,0.0
2024-02-16 14:59,開倉,1.0,51942.10545651141,0.006349413271633091,51942.10545651141,0.006349413271633091,,,,
2024-02-16 17:29,平倉,,,,,,51795.989050000004,-0.006349413271633091,-1.256627590998291,0.0
2024-02-17 16:29,開倉,1.0,51856.115099999995,0.006329333973625349,51856.115099999995,0.006329333973625349,,,,
2024-02-17 18:59,平倉,,,,,,51735.419350000004,-0.006329333973625349,-1.0913744582788483,0.0
2024-02-17 21:29,開倉,1.0,51438.3063,0.006353132434276326,51438.3063,0.006353132434276326,,,,
2024-02-17 23:59,平倉,,,,,,50987.79335000001,-0.006353132434276326,-3.186100638390505,0.0
2024-02-18 05:29,開倉,-1.0,51854.95955000001,-0.006228075487895656,51854.95955000001,-0.006228075487895656,,,,
2024-02-18 07:59,平倉,,,,,,51705.33975,0.006228075487895656,0.6098186497936062,0.0
2024-02-18 10:59,開倉,1.0,51310.062223046516,0.006306106680060505,51310.062223046516,0.006306106680060505,,,,
2024-02-18 13:29,平倉,,,,,,51609.88262399288,-0.006306106680060505,1.5652420076539983,0.0
2024-02-18 17:14,開倉,-1.0,51876.58421116055,-0.006254929473354036,51876.58421116055,-0.006254929473354036,,,,
2024-02-18 19:44,平倉,,,,,,51770.44207352431,0.006254929473354036,0.3400911210914718,0.0
2024-02-19 06:14,開倉,-1.0,52163.88115477857,-0.0062207789627201394,52163.88115477857,-0.0062207789627201394,,,,
2024-02-19 08:44,平倉,,,,,,52213.07640072463,0.0062207789627201394,-0.6308387582996142,0.0
2024-02-19 14:14,開倉,-1.0,52362.30575,-0.006178969944195886,52362.30575,-0.006178969944195886,,,,
2024-02-19 16:44,平倉,,,,,,52389.936391317024,0.006178969944195886,-0.49444474457703125,0.0
2024-02-19 21:44,開倉,1.0,52246.08506269758,0.006183246479891233,52246.08506269758,0.006183246479891233,,,,
2024-02-20 00:14,平倉,,,,,,52210.858540825335,-0.006183246479891233,-0.5406468746500337,0.0
2024-02-20 00:59,開倉,1.0,51929.80852588879,0.0062042649790736626,51929.80852588879,0.0062042649790736626,,,,
2024-02-20 03:29,平倉,,,,,,51835.16945,-0.0062042649790736626,-0.9087650306916766,0.0
2024-02-20 03:29,開倉,1.0,51887.030549999996,0.00618564450897089,51887.03055,0.00618564450897089,,,,
2024-02-20 05:59,平倉,,,,,,51899.73715,-0.00618564450897089,-0.2424348136012547,0.0
2024-02-20 08:44,開倉,1.0,51514.00059469323,0.006219494713587405,51514.00059469323,0.006219494713587405,,,,
2024-02-20 11:14,平倉,,,,,,51577.386151817154,-0.006219494713587405,0.07344085693816432,0.0
2024-02-20 19:14,開倉,-1.0,52178.676354388124,-0.006129400342411982,52178.676354388124,-0.006129400342411982,,,,
2024-02-20 21:44,平倉,,,,,,52851.33395288607,0.006129400342411982,-4.446934698987061,0.0
2024-02-20 21:44,開倉,-1.0,52798.50903139393,-0.005967206786265575,52798.50903139393,-0.005967206786265575,,,,
2024-02-21 00:14,平倉,,,,,,51705.479201130715,0.005967206786265575,6.213797734361263,0.0
2024-02-21 01:14,開倉,1.0,51306.94065,0.006261853114581894,51306.940650000004,0.006261853114581894,,,,
2024-02-21 03:44,平倉,,,,,,51700.00721631431,-0.006261853114581894,2.137587251301877,0.0
2024-02-21 15:14,開倉,1.0,51666.25157650041,0.006253477562834859,51666.25157650041,0.006253477562834859,,,,
2024-02-21 17:44,平倉,,,,,,51266.65385,-0.006253477562834859,-2.819470286402693,0.0
2024-02-21 17:44,開倉,1.0,51317.94615,0.006234653443472203,51317.94615,0.006234653443472203,,,,
2024-02-21 20:14,平倉,,,,,,51097.53845,-0.006234653443472203,-1.6927410698230552,0.0
2024-02-22 07:44,開倉,-1.0,51665.444483405765,-0.0061475932086301,51665.44448340577,-0.0061475932086301,,,,
2024-02-22 10:14,平倉,,,,,,51344.38960522004,0.0061475932086301,1.6580703678938413,0.0
2024-02-22 15:29,開倉,-1.0,51817.818131059474,-0.006155371436645049,51817.818131059474,-0.006155371436645049,,,,
2024-02-22 17:59,平倉,,,,,,51907.983248473676,0.006155371436645049,-0.874512705734634,0.0
2024-02-22 20:44,開倉,1.0,51484.851816997936,0.006178185554102475,51484.851816997936,0.006178185554102475,,,,
2024-02-22 23:14,平倉,,,,,,51317.758092786156,-0.006178185554102475,-1.3493866648241775,0.0
2024-02-23 04:59,開倉,-1.0,51946.787955258784,-0.006085042411469766,51946.787955258784,-0.006085042411469766,,,,
2024-02-23 07:29,平倉,,,,,,51387.681,0.006085042411469766,3.089493316985368,0.0
2024-02-23 15:59,開倉,1.0,50977.8762,0.006261332754189638,50977.87619999999,0.006261332754189638,,,,
2024-02-23 18:29,平倉,,,,,,51112.95681808944,-0.006261332754189638,0.5257494678110743,0.0
2024-02-24 00:14,開倉,1.0,50873.02554639275,0.006278299862481122,50873.025546392746,0.006278299862481122,,,,
2024-02-24 02:44,平倉,,,,,,51233.662258427816,-0.006278299862481122,1.9425251248639301,0.0
2024-02-24 06:44,開倉,1.0,50883.328949999996,0.006308943547845372,50883.32894999999,0.006308943547845372,,,,
2024-02-24 09:14,平倉,,,,,,50860.695206881996,-0.006308943547845372,-0.4636722624722379,0.0
2024-02-25 00:44,開倉,-1.0,51294.21432055116,-0.0062368611065277855,51294.21432055116,-0.0062368611065277855,,,,
2024-02-25 03:14,平倉,,,,,,51626.3806986042,0.0062368611065277855,-2.393662130025107,0.0
2024-02-25 10:14,開倉,-1.0,51755.38732192955,-0.006128882160245021,51755.38732192955,-0.006128882160245021,,,,
2024-02-25 12:44,平倉,,,,,,51607.29075,0.006128882160245021,0.5913714340762042,0.0
2024-02-25 23:59,開倉,1.0,51576.675449999995,0.006161590185493022,51576.67545,0.006161590185493022,,,,
2024-02-26 02:29,平倉,,,,,,51529.6223,-0.006161590185493022,-0.6074266422623718,0.0
2024-02-26 04:14,開倉,-1.0,51882.50025124077,-0.0061013239884673744,51882.50025124077,-0.0061013239884673744,,,,
2024-02-26 06:44,平倉,,,,,,51890.11825507099,0.0061013239884673744,-0.36307833278766993,0.0
2024-02-26 09:59,開倉,1.0,51532.353299999995,0.006135731503101827,51532.353299999995,0.006135731503101827,,,,
2024-02-26 12:29,平倉,,,,,,51487.243500000004,-0.006135731503101827,-0.5926935229093928,0.0
2024-02-26 15:44,開倉,1.0,51400.287299999996,0.006133805149454854,51400.28729999999,0.006133805149454854,,,,
2024-02-26 18:14,平倉,,,,,,51145.814300000005,-0.006133805149454854,-1.874606256923526,0.0
2024-02-26 22:59,開倉,-1.0,51693.1405,-0.006050617769626939,51693.14050000001,-0.006050617769626939,,,,
2024-02-26 23:59,平倉,,,,,,52779.756689999995,0.006050617769626939,-6.894049361683338,0.0
2024-02-26 23:59,開倉,-1.0,52815.38195707075,-0.005785667011586396,52815.38195707075,-0.005785667011586396,,,,
2024-02-27 02:29,平倉,,,,,,53619.496349999994,0.005785667011586396,-4.962562667922625,0.0
2024-02-27 09:44,開倉,-1.0,55173.69935,-0.005442932335835555,55173.69935,-0.005442932335835555,,,,
2024-02-27 10:14,平倉,,,,,,56333.478662999994,0.005442932335835555,-6.619219637765745,0.0
2024-02-27 10:14,開倉,-1.0,56459.55610000001,-0.005196474537866825,56459.556100000016,-0.005196474537866825,,,,
2024-02-27 12:44,平倉,,,,,,56016.394199999995,0.005196474537866825,2.011791763339382,0.0
2024-02-27 20:29,開倉,-1.0,56969.92217195868,-0.005180070050284487,56969.92217195867,-0.005180070050284487,,,,
2024-02-27 22:59,平倉,,,,,,57046.40895,0.005180070050284487,-0.691711262652806,0.0
2024-02-28 15:29,開倉,-1.0,57452.55935,-0.005119386584289104,57452.55935,-0.005119386584289104,,,,
2024-02-28 16:29,平倉,,,,,,58660.241463000006,0.005119386584289104,-6.482896060554973,0.0
2024-02-28 16:29,開倉,-1.0,58655.530817482955,-0.004898911119744785,58655.530817482955,-0.004898911119744785,,,,
2024-02-28 18:59,平倉,,,,,,59366.0682,0.004898911119744785,-3.7716885758476195,0.0
2024-02-28 22:59,開倉,-1.0,61012.278600000005,-0.004643183820817015,61012.278600000005,-0.004643183820817015,,,,
2024-02-29 00:59,平倉,,,,,,62294.787828,0.004643183820817015,-6.244172248462297,0.0
2024-02-29 00:59,開倉,-1.0,62514.82695,-0.004427222126783923,62514.826949999995,-0.004427222126783923,,,,
2024-02-29 01:14,平倉,,,,,,63828.920511,0.004427222126783923,-6.100368899138518,0.0
2024-02-29 01:14,開倉,-1.0,63968.0,-0.004227005342809005,63968.00000000001,-0.004227005342809005,,,,
2024-02-29 02:29,平倉,,,,,,60830.399999999994,0.004227005342809005,13.005521537792381,0.0
2024-02-29 12:59,開倉,-1.0,62507.23075,-0.004529425400350183,62507.23075,-0.004529425400350183,,,,
2024-02-29 15:29,平倉,,,,,,62752.360499999995,0.004529425400350183,-1.394529051612089,0.0
2024-02-29 21:29,開倉,1.0,62329.71018207081,0.004519940997580907,62329.71018207081,0.004519940997580907,,,,
2024-02-29 23:59,平倉,,,,,,62777.69545,-0.004519940997580907,1.7411154994272964,0.0
2024-03-01 00:44,開倉,1.0,62040.1447452976,0.004564572377503905,62040.1447452976,0.004564572377503905,,,,
2024-03-01 03:14,平倉,,,,,,60913.7279,-0.004564572377503905,-5.419656337383648,0.0
2024-03-01 23:44,開倉,1.0,61706.33775,0.0044967996259154255,61706.33775,0.0044967996259154255,,,,
2024-03-02 02:14,平倉,,,,,,62104.435150758894,-0.0044967996259154255,1.510893042056884,0.0
2024-03-02 04:59,開倉,-1.0,62938.80016990373,-0.004423924331150019,62938.80016990373,-0.004423924331150019,,,,
2024-03-02 07:29,平倉,,,,,,62632.1004,0.004423924331150019,1.079736901564605,0.0
2024-03-02 15:14,開倉,1.0,61921.93646306379,0.004514018492483937,61921.93646306379,0.004514018492483937,,,,
2024-03-02 17:44,平倉,,,,,,61869.02991324841,-0.004514018492483937,-0.5180990893805911,0.0
2024-03-02 22:14,開倉,1.0,61829.99954999999,0.004507823930933415,61829.99954999999,0.004507823930933415,,,,
2024-03-03 00:44,平倉,,,,,,61753.851680013984,-0.004507823930933415,-0.6216366810430175,0.0
2024-03-03 06:59,開倉,1.0,61755.062099999996,0.004498707256756395,61755.062099999996,0.004498707256756395,,,,
2024-03-03 09:29,平倉,,,,,,61924.50982753435,-0.004498707256756395,0.48371547976746027,0.0
2024-03-03 15:29,開倉,1.0,61681.425299999995,0.004507417673003017,61681.425299999995,0.004507417673003017,,,,
2024-03-03 17:59,平倉,,,,,,61823.23205573235,-0.004507417673003017,0.3605191481690508,0.0
2024-03-03 20:14,開倉,-1.0,62308.46701593283,-0.00445892073339368,62308.46701593283,-0.00445892073339368,,,,
2024-03-03 22:44,平倉,,,,,,62333.45115,0.00445892073339368,-0.3893421911147092,0.0
2024-03-04 00:44,開倉,-1.0,62772.337589430426,-0.004415347412022819,62772.33758943042,-0.004415347412022819,,,,
2024-03-04 03:14,平倉,,,,,,62925.973610623725,0.004415347412022819,-0.9561964433000305,0.0
2024-03-04 06:29,開倉,-1.0,63208.28005000001,-0.004365392266033555,63208.280050000016,-0.004365392266033555,,,,
2024-03-04 08:59,平倉,,,,,,63581.67495,0.004365392266033555,-1.9075741607244954,0.0
2024-03-04 09:29,開倉,-1.0,63883.0425,-0.004285120351515784,63883.0425,-0.004285120351515784,,,,
2024-03-04 11:59,平倉,,,,,,63555.761999999995,0.004285120351515784,1.1300922420020025,0.0
2024-03-04 15:44,開倉,-1.0,64092.1419455762,-0.004284494709355891,64092.1419455762,-0.004284494709355891,,,,
2024-03-04 16:44,平倉,,,,,,65439.39147261627,0.004284494709355891,-6.052658197333293,0.0
2024-03-04 16:44,開倉,-1.0,65429.41236182323,-0.004100271367003029,65429.41236182323,-0.004100271367003029,,,,
2024-03-04 19:14,平倉,,,,,,65069.69140218789,0.004100271367003029,1.208150158387532,0.0
2024-03-04 22:44,開倉,-1.0,66073.74045676316,-0.0040745044261509735,66073.74045676316,-0.0040745044261509735,,,,
2024-03-05 01:14,平倉,,,,,,66689.5281,0.0040745044261509735,-2.7807562553589333,0.0
2024-03-05 01:29,開倉,-1.0,67411.57735,-0.003948421167260098,67411.57735,-0.003948421167260098,,,,
2024-03-05 03:59,平倉,,,,,,67509.43784999999,0.003948421167260098,-0.6529501630353505,0.0
2024-03-05 07:14,開倉,-1.0,68416.5746,-0.0038769938509154744,68416.5746,-0.0038769938509154744,,,,
2024-03-05 09:44,平倉,,,,,,68475.25968387215,0.0038769938509154744,-0.4929998700469733,0.0
2024-03-05 12:59,開倉,1.0,67484.7255,0.003923219525005903,67484.7255,0.003923219525005903,,,,
2024-03-05 15:29,平倉,,,,,,66903.43155,-0.003923219525005903,-2.543020623354687,0.0
2024-03-05 22:44,開倉,-1.0,68454.9554,-0.00382275310800969,68454.9554,-0.00382275310800969,,,,
2024-03-06 01:14,平倉,,,,,,64353.29265481438,0.00382275310800969,15.43363725765906,0.0
2024-03-06 01:14,開倉,1.0,64353.29265481438,0.004306349158266799,64353.29265481438,0.004306349158266799,,,,
2024-03-06 03:44,平倉,,,,,,63003.1920922711,-0.004306349158266799,-6.085318164318462,0.0
2024-03-06 03:44,開倉,1.0,62464.758592470775,0.004334638068279722,62464.75859247077,0.004334638068279722,,,,
2024-03-06 06:14,平倉,,,,,,63193.66257090575,-0.004334638068279722,2.885613277590937,0.0
2024-03-06 13:29,開倉,-1.0,65816.47529999999,-0.004149493515116891,65816.47529999999,-0.004149493515116891,,,,
2024-03-06 15:59,平倉,,,,,,66704.5408454114,0.004149493515116891,-3.9618122813502423,0.0
2024-03-07 06:44,開倉,1.0,66193.98044999999,0.004065947424468874,66193.98044999999,0.004065947424468874,,,,
2024-03-07 09:14,平倉,,,,,,65820.6732,-0.004065947424468874,-1.7854710483473386,0.0
2024-03-08 01:14,開倉,-1.0,67620.45491507195,-0.003945827530052103,67620.45491507195,-0.003945827530052103,,,,
2024-03-08 03:44,平倉,,,,,,67413.42622844012,0.003945827530052103,0.5508977381151077,0.0
2024-03-08 07:59,開倉,1.0,66857.77692363062,0.003999083399941155,66857.77692363062,0.003999083399941155,,,,
2024-03-08 10:29,平倉,,,,,,66780.54107886356,-0.003999083399941155,-0.5759335379559365,0.0
2024-03-08 14:59,開倉,-1.0,67485.04918645463,-0.0039454621600220775,67485.04918645463,-0.0039454621600220775,,,,
2024-03-08 17:29,平倉,,,,,,67079.71103242923,0.0039454621600220775,1.3345858871367708,0.0
2024-03-08 22:29,開倉,-1.0,67829.39218880463,-0.003941174929068922,67829.39218880463,-0.003941174929068922,,,,
2024-03-08 23:29,平倉,,,,,,69255.20062290848,0.003941174929068922,-5.892307314547751,0.0
2024-03-08 23:29,開倉,-1.0,69470.63642194174,-0.0037594436786953407,69470.63642194174,-0.0037594436786953407,,,,
2024-03-09 01:59,平倉,,,,,,68463.11445,0.0037594436786953407,3.530338885720232,0.0
2024-03-10 09:14,開倉,-1.0,69084.29031917799,-0.003827765720491173,69084.29031917799,-0.003827765720491173,,,,
2024-03-10 11:44,平倉,,,,,,69087.30407169143,0.003827765720491173,-0.2759859528077381,0.0
2024-03-10 12:14,開倉,-1.0,69560.4024,-0.0037938009986168415,69560.4024,-0.0037938009986168415,,,,
2024-03-10 14:44,平倉,,,,,,69409.6875,0.0037938009986168415,0.3084557963752785,0.0
2024-03-10 17:59,開倉,-1.0,69910.82078877719,-0.0037754221207088154,69910.82078877719,-0.0037754221207088154,,,,
2024-03-10 20:29,平倉,,,,,,69862.55376326165,0.0037754221207088154,-0.08153223505484422,0.0
2024-03-10 22:14,開倉,1.0,69359.34595610714,0.0038042643382866603,69359.34595610714,0.0038042643382866603,,,,
2024-03-11 00:44,平倉,,,,,,69621.92349640383,-0.0038042643382866603,0.7340541718654632,0.0
2024-03-11 06:14,開倉,1.0,69019.0923,0.0038298346953146755,69019.0923,0.0038298346953146755,,,,
2024-03-11 08:44,平倉,,,,,,68392.04138763255,-0.0038298346953146755,-2.6634315529033596,0.0
2024-03-11 08:44,開倉,1.0,68460.46764214744,0.003818298299497268,68460.46764214744,0.003818298299497268,,,,
2024-03-11 11:14,平倉,,,,,,68641.11253935777,-0.003818298299497268,0.42766386054641015,0.0
2024-03-11 15:14,開倉,-1.0,70453.33329698711,-0.003708942946257983,70453.33329698711,-0.003708942946257983,,,,
2024-03-11 17:44,平倉,,,,,,71615.93331746291,0.003708942946257983,-4.5776365559805985,0.0
2024-03-11 23:14,開倉,-1.0,72432.60713411255,-0.00354082062267587,72432.60713411255,-0.00354082062267587,,,,
2024-03-12 01:44,平倉,,,,,,72429.66107260021,0.00354082062267587,-0.24602896226072515,0.0
2024-03-12 06:29,開倉,-1.0,72598.9575132246,-0.003525789202504433,72598.9575132246,-0.003525789202504433,,,,
2024-03-12 08:59,平倉,,,,,,72099.6796537049,0.003525789202504433,1.5061402141170273,0.0
2024-03-12 11:29,開倉,1.0,71770.0671,0.0035875055474408717,71770.0671,0.0035875055474408717,,,,
2024-03-12 13:59,平倉,,,,,,72006.9785,-0.0035875055474408717,0.5915955269287678,0.0
2024-03-12 14:29,開倉,1.0,71626.9956,0.0035993384725259573,71626.9956,0.0035993384725259573,,,,
2024-03-12 16:59,平倉,,,,,,71717.02355,-0.0035993384725259573,0.06590722203909011,0.0
2024-03-13 00:14,開倉,1.0,71571.5679,0.003599443325934774,71571.5679,0.003599443325934774,,,,
2024-03-13 01:14,平倉,,,,,,70070.03145800001,-0.003599443325934774,-5.65690843188422,0.0
2024-03-13 01:14,開倉,1.0,69914.63984999999,0.003600108924925497,69914.63984999999,0.003600108924925497,,,,
2024-03-13 03:44,平倉,,,,,,71448.35272919171,-0.003600108924925497,5.264311572319705,0.0
2024-03-13 14:59,開倉,-1.0,72641.77331924229,-0.00353045964607733,72641.77331924229,-0.00353045964607733,,,,
2024-03-13 17:29,平倉,,,,,,73576.76999999999,0.00353045964607733,-3.560727868005022,0.0
2024-03-13 21:59,開倉,1.0,72257.61074999999,0.003499926700182092,72257.61074999999,0.003499926700182092,,,,
2024-03-14 00:29,平倉,,,,,,72895.84675080638,-0.003499926700182092,1.9786490998641744,0.0
2024-03-14 12:14,開倉,-1.0,73615.5738,-0.003455362064724433,73615.5738,-0.003455362064724433,,,,
2024-03-14 14:44,平倉,,,,,,73582.88008481564,0.003455362064724433,-0.14128686925529807,0.0
2024-03-14 19:14,開倉,1.0,72798.381,0.0034922082076574734,72798.381,0.0034922082076574734,,,,
2024-03-14 21:44,平倉,,,,,,72147.50820000001,-0.0034922082076574734,-2.524937454599016,0.0
2024-03-14 21:44,開倉,1.0,72219.6918,0.0034816895949681317,72219.6918,0.0034816895949681317,,,,
2024-03-15 00:14,平倉,,,,,,70704.558036,-0.0034816895949681317,-5.521396785134456,0.0
2024-03-15 00:14,開倉,1.0,70755.07416690486,0.0034721300575002757,70755.07416690486,0.0034721300575002757,,,,
2024-03-15 02:44,平倉,,,,,,70537.10390390053,-0.0034721300575002757,-1.001735100452335,0.0
2024-03-15 03:44,開倉,1.0,69148.86956888634,0.0035347329845924515,69148.86956888634,0.0035347329845924515,,,,
2024-03-15 06:14,平倉,,,,,,71256.9023645006,-0.0035347329845924515,7.199458932092669,0.0
2024-03-15 10:44,開倉,1.0,69865.87378183134,0.003598055676759414,69865.87378183134,0.003598055676759414,,,,
2024-03-15 11:29,平倉,,,,,,68400.12196705809,-0.003598055676759414,-5.519964084999907,0.0
2024-03-15 11:29,開倉,1.0,67530.86058699549,0.003636960503333273,67530.86058699549,0.003636960503333273,,,,
2024-03-15 13:59,平倉,,,,,,67468.11858949787,-0.003636960503333273,-0.47356904934329513,0.0
2024-03-15 17:14,開倉,1.0,66295.43823423034,0.003693882166306429,66295.43823423034,0.003693882166306429,,,,
2024-03-15 19:44,平倉,,,,,,67552.56138583845,-0.003693882166306429,4.394133588784634,0.0
2024-03-16 02:59,開倉,-1.0,70336.91221198945,-0.003537117787107222,70336.91221198945,-0.003537117787107222,,,,
2024-03-16 05:29,平倉,,,,,,68098.09365473196,0.003537117787107222,7.678093962646942,0.0
2024-03-16 18:29,開倉,1.0,68780.08227361945,0.003728868414649359,68780.08227361945,0.003728868414649359,,,,
2024-03-16 20:59,平倉,,,,,,67931.90777745859,-0.003728868414649359,-3.4160402341036176,0.0
2024-03-17 01:59,開倉,1.0,67451.67394272012,0.0037478317913244583,67451.67394272012,0.0037478317913244583,,,,
2024-03-17 04:29,平倉,,,,,,67144.92030829847,-0.0037478317913244583,-1.4013088901471673,0.0
2024-03-17 05:29,開倉,1.0,66397.95266439964,0.0037823846132517196,66397.95266439964,0.0037823846132517196,,,,
2024-03-17 07:59,平倉,,,,,,65318.224550000006,-0.0037823846132517196,-4.331005653903293,0.0
2024-03-17 14:59,開倉,1.0,65099.03324999999,0.0037874318999461397,65099.03324999999,0.0037874318999461397,,,,
2024-03-17 17:29,平倉,,,,,,66725.60954970788,-0.0037874318999461397,5.907828263058084,0.0
2024-03-17 23:44,開倉,-1.0,67785.4903,-0.0037171695388888266,67785.4903,-0.0037171695388888266,,,,
2024-03-18 02:14,平倉,,,,,,68569.7006434535,0.0037171695388888266,-3.169928003289446,0.0
2024-03-18 06:44,開倉,-1.0,68795.28515,-0.003612892540032945,68795.28515,-0.003612892540032945,,,,
2024-03-18 09:14,平倉,,,,,,67669.06515752689,0.003612892540032945,3.8244307485434277,0.0
2024-03-18 09:14,開倉,1.0,67669.06515752689,0.003729567047312586,67669.06515752689,0.003729567047312586,,,,
2024-03-18 11:44,平倉,,,,,,68047.19550146026,-0.003729567047312586,1.1564758923185936,0.0
2024-03-18 13:29,開倉,-1.0,68798.00920002363,-0.003677834806743669,68798.00920002363,-0.003677834806743669,,,,
2024-03-18 15:59,平倉,,,,,,68291.3286,0.003677834806743669,1.6123233213448582,0.0
2024-03-18 21:44,開倉,1.0,67745.90758450936,0.003758763466253094,67745.90758450936,0.003758763466253094,,,,
2024-03-19 00:14,平倉,,,,,,67746.35516820458,-0.003758763466253094,-0.25296016353637496,0.0
2024-03-19 09:29,開倉,1.0,66531.90297911614,0.0038197161997624873,66531.90297911614,0.0038197161997624873,,,,
2024-03-19 11:59,平倉,,,,,,65913.12695,-0.0038197161997624873,-2.6153182612275385,0.0
2024-03-19 15:14,開倉,1.0,63985.27021765543,0.0039268741193275915,63985.27021765543,0.0039268741193275915,,,,
2024-03-19 17:44,平倉,,,,,,63669.37663921358,-0.0039268741193275915,-1.4904959449633295,0.0
2024-03-20 06:29,開倉,1.0,63097.23284999999,0.0039545232245516955,63097.23284999999,0.0039545232245516955,,,,
2024-03-20 07:29,平倉,,,,,,61773.483807000004,-0.0039545232245516955,-5.4790810103977865,0.0
2024-03-20 07:29,開倉,1.0,61717.54334999999,0.0039500601400221085,61717.54334999999,0.0039500601400221085,,,,
2024-03-20 09:59,平倉,,,,,,62451.31896902543,-0.0039500601400221085,2.651771358681072,0.0
2024-03-20 12:44,開倉,1.0,61433.03181989728,0.004007570324562938,61433.03181989728,0.004007570324562938,,,,
2024-03-20 15:14,平倉,,,,,,62158.905000000006,-0.004007570324562938,2.6598816328904804,0.0
2024-03-21 00:29,開倉,1.0,62863.93314494325,0.00395476506339453,62863.93314494325,0.00395476506339453,,,,
2024-03-21 02:59,平倉,,,,,,65395.8857,-0.00395476506339453,9.754652142854843,0.0
2024-03-21 02:59,開倉,-1.0,65395.8857,-0.00394313622306121,65395.885700000006,-0.00394313622306121,,,,
2024-03-21 04:29,平倉,,,,,,66770.540586,0.00394313622306121,-5.6837368124127,0.0
2024-03-21 04:29,開倉,-1.0,66909.59575567534,-0.003765173769177429,66909.59575567534,-0.003765173769177429,,,,
2024-03-21 06:59,平倉,,,,,,67748.35725,0.003765173769177429,-3.4131671146498306,0.0
2024-03-21 12:14,開倉,1.0,66729.78125137743,0.0037241450001787666,66729.78125137743,0.0037241450001787666,,,,
2024-03-21 14:44,平倉,,,,,,66994.18615,-0.0037241450001787666,0.7351861178364422,0.0
2024-03-21 23:14,開倉,1.0,66440.80380000001,0.0037476713863045484,66440.80380000001,0.0037476713863045484,,,,
2024-03-22 01:44,平倉,,,,,,66136.55855220306,-0.0037476713863045484,-1.38806929766251,0.0
2024-03-22 01:44,開倉,1.0,66202.72819557693,0.003736408149568005,66202.72819557693,0.003736408149568005,,,,
2024-03-22 04:14,平倉,,,,,,65534.529197553005,-0.003736408149568005,-2.741527930721601,0.0
2024-03-22 17:44,開倉,1.0,65625.2607820749,0.003723718998649528,65625.2607820749,0.003723718998649528,,,,
2024-03-22 20:14,平倉,,,,,,64572.042429579065,-0.003723718998649528,-4.162337330091708,0.0
2024-03-22 21:59,開倉,1.0,63133.97448975906,0.0038008239080580724,63133.97448975906,0.0038008239080580724,,,,
2024-03-23 00:29,平倉,,,,,,63653.16167703044,-0.0038008239080580724,1.7314046154129485,0.0
2024-03-23 05:44,開倉,1.0,62770.20994149061,0.003846622611171407,62770.20994149061,0.003846622611171407,,,,
2024-03-23 08:14,平倉,,,,,,63821.686607003154,-0.003846622611171407,3.7991359738940655,0.0
2024-03-23 15:14,開倉,-1.0,64505.83095,-0.003794507821157818,64505.83095,-0.003794507821157818,,,,
2024-03-23 17:44,平倉,,,,,,64637.8416860583,0.003794507821157818,-0.7461845662705242,0.0
2024-03-23 22:44,開倉,-1.0,65093.437000000005,-0.003745038429603304,65093.437000000005,-0.003745038429603304,,,,
2024-03-24 01:14,平倉,,,,,,65724.39667922187,0.003745038429603304,-2.6091086375422368,0.0
2024-03-24 07:59,開倉,1.0,64052.31015,0.003765157094011158,64052.31015,0.003765157094011158,,,,
2024-03-24 10:29,平倉,,,,,,64418.7123532889,-0.003765157094011158,1.1370152831704865,0.0
2024-03-24 11:14,開倉,1.0,64103.91599558778,0.0037761079395382717,64103.91599558777,0.0037761079395382717,,,,
2024-03-24 13:44,平倉,,,,,,64294.130117757806,-0.0037761079395382717,0.4754874817352065,0.0
2024-03-24 16:59,開倉,-1.0,65379.09965718002,-0.0037023249409090437,65379.09965718002,-0.0037023249409090437,,,,
2024-03-24 19:29,平倉,,,,,,65195.74721670694,0.0037023249409090437,0.4374544723784015,0.0
2024-03-25 01:14,開倉,1.0,65062.5841647751,0.003727062914085718,65062.5841647751,0.003727062914085718,,,,
2024-03-25 03:44,平倉,,,,,,65927.17945615204,-0.003727062914085718,2.9766863006028155,0.0
2024-03-25 04:14,開倉,-1.0,66270.48766917555,-0.0036967103887662663,66270.48766917555,-0.0036967103887662663,,,,
2024-03-25 06:44,平倉,,,,,,67018.40538334344,0.0036967103887662663,-3.0125828193259334,0.0
2024-03-25 07:14,開倉,-1.0,67527.05126966725,-0.0035797041164017025,67527.05126966725,-0.0035797041164017025,,,,
2024-03-25 09:44,平倉,,,,,,66814.69303562221,0.0035797041164017025,2.310854871067935,0.0
2024-03-25 21:59,開倉,-1.0,67983.72384122621,-0.003586078300322846,67983.72384122621,-0.003586078300322846,,,,
2024-03-25 22:59,平倉,,,,,,69412.77640541246,0.003586078300322846,-5.373614041681635,0.0
2024-03-25 22:59,開倉,-1.0,69349.37166769023,-0.003434499128405306,69349.37166769023,-0.003434499128405306,,,,
2024-03-26 01:29,平倉,,,,,,70755.25994999999,0.003434499128405306,-5.071530958856492,0.0
2024-03-26 15:14,開倉,-1.0,70844.46005,-0.00328710671129451,70844.46005,-0.00328710671129451,,,,
2024-03-26 17:44,平倉,,,,,,71230.98099425131,0.00328710671129451,-1.504679425582684,0.0
2024-03-26 21:59,開倉,1.0,70475.46527406575,0.003282956238480965,70475.46527406575,0.003282956238480965,,,,
2024-03-27 00:29,平倉,,,,,,70030.30855811563,-0.003282956238480965,-1.6913364560937374,0.0
2024-03-27 00:44,開倉,1.0,69729.1882951923,0.0032905044259711417,69729.1882951923,0.0032905044259711417,,,,
2024-03-27 03:14,平倉,,,,,,69844.36035,-0.0032905044259711417,0.14915097923212667,0.0
2024-03-27 15:14,開倉,1.0,70141.6533,0.0032700094529226204,70141.6533,0.0032700094529226204,,,,
2024-03-27 17:44,平倉,,,,,,69944.68668450862,-0.0032700094529226204,-0.8728024812070634,0.0
2024-03-27 21:14,開倉,-1.0,71255.53476670156,-0.0032002146299111717,71255.53476670156,-0.0032002146299111717,,,,
2024-03-27 23:44,平倉,,,,,,69231.7986,0.0032002146299111717,6.2548334730239175,0.0
2024-03-27 23:59,開倉,1.0,68947.55655000001,0.0033981039719577937,68947.55655000001,0.0033981039719577937,,,,
2024-03-28 02:29,平倉,,,,,,68730.76671838349,-0.0033981039719577937,-0.970228679277611,0.0
2024-03-28 14:44,開倉,-1.0,70325.21048456006,-0.0033110867767172664,70325.21048456006,-0.0033110867767172664,,,,
2024-03-28 17:14,平倉,,,,,,70614.1924471078,0.0033110867767172664,-1.1906540737618112,0.0
2024-03-28 20:59,開倉,-1.0,70791.6780712115,-0.003269170693731681,70791.6780712115,-0.003269170693731681,,,,
2024-03-28 23:29,平倉,,,,,,71085.0045497349,0.003269170693731681,-1.1913233409220108,0.0
2024-03-29 11:29,開倉,1.0,70384.47465,0.003271149802718408,70384.47465,0.003271149802718408,,,,
2024-03-29 13:59,平倉,,,,,,70201.8815,-0.003271149802718408,-0.8269304174194206,0.0
2024-03-29 15:44,開倉,1.0,70093.42919999998,0.0032696426158546716,70093.42919999998,0.0032696426158546716,,,,
2024-03-29 18:14,平倉,,,,,,69992.13740044204,-0.0032696426158546716,-0.5600372596905179,0.0
2024-03-29 23:44,開倉,1.0,69459.61244999999,0.0032881100659230148,69459.61244999999,0.0032881100659230148,,,,
2024-03-30 02:14,平倉,,,,,,69574.21293351888,-0.0032881100659230148,0.14805133354274588,0.0
2024-03-30 23:44,開倉,1.0,70088.92695,0.0032574399569241614,70088.92695,0.0032574399569241614,,,,
2024-03-31 02:14,平倉,,,,,,70046.98505970364,-0.0032574399569241614,-0.364797037315814,0.0
2024-03-31 03:14,開倉,1.0,69921.64004136651,0.0032567466522223096,69921.64004136651,0.0032567466522223096,,,,
2024-03-31 05:44,平倉,,,,,,69765.00005,-0.0032567466522223096,-0.7373436978421337,0.0
2024-03-31 16:14,開倉,-1.0,70478.05291236643,-0.0032141195203591448,70478.05291236643,-0.0032141195203591448,,,,
2024-03-31 18:44,平倉,,,,,,70449.49316551125,0.0032141195203591448,-0.134638651318909,0.0
2024-03-31 20:14,開倉,-1.0,70597.0838,-0.0032035870392052744,70597.0838,-0.0032035870392052744,,,,
2024-03-31 22:44,平倉,,,,,,70726.64565,0.0032035870392052744,-0.6416416287663029,0.0
2024-04-01 02:44,開倉,-1.0,71000.13110043756,-0.003173184718771769,71000.13110043756,-0.003173184718771769,,,,
2024-04-01 05:14,平倉,,,,,,71082.82365,0.003173184718771769,-0.4879576644011577,0.0
2024-04-01 07:44,開倉,-1.0,71332.316,-0.003148413595183963,71332.316,-0.003148413595183963,,,,
2024-04-01 10:14,平倉,,,,,,70927.446,0.003148413595183963,1.0513892770240858,0.0
2024-04-01 11:29,開倉,1.0,70679.47509346847,0.003192377252375013,70679.47509346847,0.003192377252375013,,,,
2024-04-01 13:59,平倉,,,,,,69196.65432164249,-0.003192377252375013,-4.954625126523287,0.0
2024-04-01 13:59,開倉,1.0,69265.81559999999,0.0031827055782598208,69265.81559999999,0.0031827055782598208,,,,
2024-04-01 16:29,平倉,,,,,,69541.89915875875,-0.0031827055782598208,0.657361292151979,0.0
2024-04-01 22:44,開倉,1.0,69124.545,0.0031955338692152327,69124.545,0.0031955338692152327,,,,
2024-04-02 01:14,平倉,,,,,,68677.09577851786,-0.0031955338692152327,-1.649299127599748,0.0
2024-04-02 10:29,開倉,1.0,68516.4411,0.0031965860628271154,68516.4411,0.0031965860628271154,,,,
2024-04-02 10:44,平倉,,,,,,67078.99972200001,-0.0031965860628271154,-4.809328870665496,0.0
2024-04-02 10:44,開倉,1.0,66672.41955,0.003209540622553108,66672.41955,0.003209540622553108,,,,
2024-04-02 13:14,平倉,,,,,,66554.3062,-0.003209540622553108,-0.5926983442455701,0.0
2024-04-02 18:14,開倉,1.0,66161.62639478687,0.003222120752462934,66161.62639478687,0.003222120752462934,,,,
2024-04-02 20:44,平倉,,,,,,65621.90237477017,-0.003222120752462934,-1.950497658956372,0.0
2024-04-02 21:29,開倉,1.0,64939.2534,0.003249436636974922,64939.2534,0.003249436636974922,,,,
2024-04-02 23:59,平倉,,,,,,64899.43405,-0.003249436636974922,-0.3402770534715285,0.0
2024-04-03 08:29,開倉,1.0,65315.45538987144,0.003222275941127812,65315.45538987144,0.003222275941127812,,,,
2024-04-03 10:59,平倉,,,,,,65999.69245594482,-0.003222275941127812,1.9921314149135296,0.0
2024-04-03 16:44,開倉,-1.0,66704.18400591884,-0.0031787336966424594,66704.18400591884,-0.0031787336966424594,,,,
2024-04-03 19:14,平倉,,,,,,65802.57839961642,0.0031787336966424594,2.6567952485504245,0.0
2024-04-03 19:14,開倉,1.0,65802.57839961642,0.0032626831094982535,65802.57839961642,0.0032626831094982535,,,,
2024-04-03 21:44,平倉,,,,,,65719.62078573288,-0.0032626831094982535,-0.48508670232234485,0.0
2024-04-04 12:14,開倉,1.0,65521.944599999995,0.00326597192526858,65521.9446,0.00326597192526858,,,,
2024-04-04 14:44,平倉,,,,,,65717.125,-0.00326597192526858,0.42282342150331725,0.0
2024-04-04 21:14,開倉,-1.0,67046.50794147728,-0.0031916303832771353,67046.50794147728,-0.0031916303832771353,,,,
2024-04-04 23:44,平倉,,,,,,67724.87055425085,0.0031916303832771353,-2.3812354803718687,0.0
2024-04-05 01:59,開倉,-1.0,68809.67795000001,-0.003072151368759839,68809.67795000001,-0.003072151368759839,,,,
2024-04-05 04:29,平倉,,,,,,67877.59358118265,0.003072151368759839,2.654974027433357,0.0
2024-04-05 13:29,開倉,1.0,66726.20735295124,0.003207885722218721,66726.20735295124,0.003207885722218721,,,,
2024-04-05 15:59,平倉,,,,,,66903.9313,-0.003207885722218721,0.35549794625648434,0.0
2024-04-05 20:44,開倉,1.0,66503.10189062858,0.0032207755788585517,66503.10189062858,0.0032207755788585517,,,,
2024-04-05 23:14,平倉,,,,,,67930.0681820964,-0.0032207755788585517,4.377150678742814,0.0
2024-04-06 19:59,開倉,1.0,67804.59918898603,0.003220380471107614,67804.59918898603,0.003220380471107614,,,,
2024-04-06 22:29,平倉,,,,,,67780.73636682566,-0.003220380471107614,-0.2951271261837955,0.0
2024-04-07 01:44,開倉,-1.0,68532.55506630724,-0.003175500058245263,68532.55506630724,-0.003175500058245263,,,,
2024-04-07 04:14,平倉,,,,,,68316.27379070217,0.003175500058245263,0.4698628718797849,0.0
2024-04-07 06:29,開倉,-1.0,68664.2222758292,-0.0031730825312479604,68664.2222758292,-0.0031730825312479604,,,,
2024-04-07 08:59,平倉,,,,,,69216.3675291104,0.0031730825312479604,-1.9716317045811034,0.0
2024-04-07 09:29,開倉,-1.0,69634.20273692223,-0.0030974552957215647,69634.20273692223,-0.0030974552957215647,,,,
2024-04-07 11:59,平倉,,,,,,69547.06950722527,0.0030974552957215647,0.05447234501111117,0.0
2024-04-07 23:14,開倉,-1.0,69796.18445000002,-0.0030879581147942197,69796.18445000002,-0.0030879581147942197,,,,
2024-04-08 01:44,平倉,,,,,,69927.28416729915,0.0030879581147942197,-0.6207629604710211,0.0
2024-04-08 15:29,開倉,-1.0,70079.04295,-0.0030635666899437005,70079.04295,-0.0030635666899437005,,,,
2024-04-08 16:14,平倉,,,,,,71552.14019100001,0.0030635666899437005,-4.732136391858929,0.0
2024-04-08 16:14,開倉,-1.0,71489.09321166026,-0.0029339785612380103,71489.09321166026,-0.0029339785612380103,,,,
2024-04-08 18:44,平倉,,,,,,72409.4906267874,0.0029339785612380103,-2.9128741769310675,0.0
2024-04-09 09:14,開倉,1.0,71281.5725023738,0.002901635430067324,71281.5725023738,0.002901635430067324,,,,
2024-04-09 11:44,平倉,,,,,,71372.12182550081,-0.002901635430067324,0.05564524674598759,0.0
2024-04-09 12:14,開倉,1.0,71261.49448532227,0.0029003303157343727,71261.49448532227,0.0029003303157343727,,,,
2024-04-09 14:44,平倉,,,,,,70798.48305,-0.0029003303157343727,-1.5482250890947982,0.0
2024-04-09 14:44,開倉,1.0,70869.31695,0.002891605241934563,70869.31695,0.002891605241934563,,,,
2024-04-09 17:14,平倉,,,,,,70895.7360085953,-0.002891605241934563,-0.12860899355210625,0.0
2024-04-09 21:59,開倉,1.0,70023.93049333265,0.0029217495375376593,70023.93049333265,0.0029217495375376593,,,,
2024-04-10 00:29,平倉,,,,,,69278.75088406607,-0.0029217495375376593,-2.379643337113817,0.0
2024-04-10 10:44,開倉,1.0,68927.16529080567,0.0029307292392147582,68927.16529080567,0.0029307292392147582,,,,
2024-04-10 13:14,平倉,,,,,,69308.98725153947,-0.0029307292392147582,0.9158909090183956,0.0
2024-04-10 18:29,開倉,1.0,69023.71960174461,0.0029369773297638754,69023.71960174461,0.0029369773297638754,,,,
2024-04-10 20:59,平倉,,,,,,68024.41926625476,-0.0029369773297638754,-3.1347086082144786,0.0
2024-04-10 20:59,開倉,1.0,68092.47771474524,0.0029281061279456426,68092.47771474524,0.0029281061279456426,,,,
2024-04-10 23:29,平倉,,,,,,68626.76945,-0.0029281061279456426,1.3635164399425348,0.0
2024-04-11 06:14,開倉,-1.0,70504.391567321,-0.002841614072842874,70504.391567321,-0.002841614072842874,,,,
2024-04-11 08:44,平倉,,,,,,70594.4894224888,0.002841614072842874,-0.4566256277858758,0.0
2024-04-11 16:44,開倉,-1.0,71248.012095039,-0.0028027396412891206,71248.012095039,-0.0028027396412891206,,,,
2024-04-11 19:14,平倉,,,,,,70671.53695438248,0.0028027396412891206,1.4176358108028713,0.0
2024-04-11 19:59,開倉,1.0,70135.7441563147,0.00286741054735585,70135.7441563147,0.00286741054735585,,,,
2024-04-11 22:29,平倉,,,,,,69825.76965,-0.00286741054735585,-1.0890433171898386,0.0
2024-04-11 22:29,開倉,1.0,69895.63034999999,0.002858793535082455,69895.63034999999,0.002858793535082455,,,,
2024-04-12 00:59,平倉,,,,,,70162.10602524622,-0.002858793535082455,0.5612199625379024,0.0
2024-04-12 11:29,開倉,-1.0,71003.81718591283,-0.0028164497187374055,71003.81718591283,-0.0028164497187374055,,,,
2024-04-12 13:59,平倉,,,,,,71046.57449980265,0.0028164497187374055,-0.32052292944616206,0.0
2024-04-12 20:44,開倉,1.0,70515.96320718288,0.0028313872309315294,70515.96320718288,0.0028313872309315294,,,,
2024-04-12 23:14,平倉,,,,,,69381.39195,-0.0028313872309315294,-3.408856157401016,0.0
2024-04-12 23:14,開倉,1.0,69450.80805,0.0028228279107743925,69450.80805,0.0028228279107743925,,,,
2024-04-13 01:29,平倉,,,,,,67993.76411100001,-0.0028228279107743925,-4.30491899332499,0.0
2024-04-13 01:29,開倉,1.0,67948.54516627616,0.0028189634048028213,67948.54516627616,0.0028189634048028213,,,,
2024-04-13 03:59,平倉,,,,,,66898.8482552138,-0.0028189634048028213,-3.1476425834742634,0.0
2024-04-13 09:44,開倉,1.0,66461.35488655807,0.002831775035512527,66461.35488655807,0.002831775035512527,,,,
2024-04-13 12:14,平倉,,,,,,67288.6350912703,-0.002831775035512527,2.1521251540526385,0.0
2024-04-14 01:14,開倉,1.0,67254.470373972,0.002827596560435084,67254.470373972,0.002827596560435084,,,,
2024-04-14 03:44,平倉,,,,,,66877.79356747397,-0.002827596560435084,-1.2541934615103723,0.0
2024-04-14 03:59,開倉,1.0,64924.253716006046,0.0029068247095645964,64924.253716006046,0.0029068247095645964,,,,
2024-04-14 04:14,平倉,,,,,,63562.17467003007,-0.0029068247095645964,-4.1440891271476366,0.0
2024-04-14 04:14,開倉,1.0,62651.28664363765,0.002943091129830405,62651.28664363766,0.002943091129830405,,,,
2024-04-14 06:44,平倉,,,,,,64560.364228150785,-0.002943091129830405,5.4285822698401525,0.0
2024-04-14 19:44,開倉,1.0,64013.17456581691,0.0029624411412237034,64013.17456581691,0.0029624411412237034,,,,
2024-04-14 22:14,平倉,,,,,,64047.6379201305,-0.0029624411412237034,-0.08764169888963577,0.0
2024-04-14 22:44,開倉,1.0,63876.895418676104,0.002964418434454202,63876.895418676104,0.002964418434454202,,,,
2024-04-15 01:14,平倉,,,,,,63887.4883209875,-0.002964418434454202,-0.15798745322344657,0.0
2024-04-15 01:29,開倉,1.0,63313.22113472227,0.0029853216114285085,63313.22113472227,0.0029853216114285085,,,,
2024-04-15 03:59,平倉,,,,,,64233.600792600286,-0.0029853216114285085,2.5558713267563986,0.0
2024-04-15 07:44,開倉,-1.0,65704.03155,-0.0029098227997874622,65704.03155,-0.0029098227997874622,,,,
2024-04-15 10:14,平倉,,,,,,65179.07333515255,0.0029098227997874622,1.337875828839192,0.0
2024-04-15 14:29,開倉,-1.0,66343.76809302435,-0.0028990395023672853,66343.76809302435,-0.0028990395023672853,,,,
2024-04-15 16:59,平倉,,,,,,66469.8197791392,0.0028990395023672853,-0.5581274506419105,0.0
2024-04-15 21:59,開倉,1.0,65946.53284100648,0.0029080345805847082,65946.53284100648,0.0029080345805847082,,,,
2024-04-15 22:59,平倉,,,,,,64563.006879654444,-0.0029080345805847082,-4.2110927953809965,0.0
2024-04-15 22:59,開倉,1.0,64298.0533143771,0.002914080898033455,64298.0533143771,0.002914080898033455,,,,
2024-04-16 01:29,平倉,,,,,,63929.62569825925,-0.002914080898033455,-1.2599239795027541,0.0
2024-04-16 12:14,開倉,1.0,62623.96549086814,0.0029688588087889945,62623.96549086814,0.0029688588087889945,,,,
2024-04-16 14:44,平倉,,,,,,62955.35076568611,-0.0029688588087889945,0.7969305445651858,0.0
2024-04-16 18:29,開倉,1.0,62048.15273163978,0.003006262357769392,62048.152731639784,0.003006262357769392,,,,
2024-04-16 20:59,平倉,,,,,,63081.46091838645,-0.003006262357769392,2.916756084359407,0.0
2024-04-17 05:44,開倉,-1.0,63913.6272,-0.0029582962562189775,63913.6272,-0.0029582962562189775,,,,
2024-04-17 08:14,平倉,,,,,,63677.77243601064,0.0029582962562189775,0.5093505495193373,0.0
2024-04-17 13:14,開倉,-1.0,64211.77805000001,-0.0029495454694862615,64211.77805000001,-0.0029495454694862615,,,,
2024-04-17 15:44,平倉,,,,,,63605.3605671001,0.0029495454694862615,1.60104903620896,0.0
2024-04-17 15:59,開倉,1.0,63345.95715,0.003015147567994945,63345.95715000001,0.003015147567994945,,,,
2024-04-17 18:29,平倉,,,,,,62983.63738853949,-0.003015147567994945,-1.2823525086997138,0.0
2024-04-17 18:29,開倉,1.0,63046.652533500506,0.0030060806471862685,63046.652533500506,0.0030060806471862685,,,,
2024-04-17 20:59,平倉,,,,,,62311.0118769258,-0.0030060806471862685,-2.398707067922454,0.0
2024-04-17 22:29,開倉,1.0,61527.372507157525,0.003038221687817378,61527.372507157525,0.003038221687817378,,,,
2024-04-18 00:59,平倉,,,,,,60332.15797601721,-0.003038221687817378,-3.8146291809405426,0.0
2024-04-18 14:44,開倉,1.0,60962.036162568686,0.0030007238160133878,60962.036162568686,0.0030007238160133878,,,,
2024-04-18 17:14,平倉,,,,,,61476.64630000001,-0.0030007238160133878,1.3597284586710494,0.0
2024-04-18 19:14,開倉,-1.0,62343.61260000001,-0.0029501595612873356,62343.612600000015,-0.0029501595612873356,,,,
2024-04-18 21:44,平倉,,,,,,62369.168999999994,0.0029501595612873356,-0.25939445806691874,0.0
2024-04-18 22:14,開倉,-1.0,63368.20005000001,-0.0028954666259808194,63368.20005000001,-0.0028954666259808194,,,,
2024-04-19 00:44,平倉,,,,,,63402.06299201155,0.0028954666259808194,-0.28162757586366033,0.0
2024-04-19 09:14,開倉,1.0,62320.76163311235,0.002939610095396446,62320.76163311235,0.002939610095396446,,,,
2024-04-19 10:14,平倉,,,,,,61013.302575961905,-0.002939610095396446,-4.022775163922742,0.0
2024-04-19 10:14,開倉,1.0,60897.99657868864,0.0029391880392532718,60897.99657868864,0.0029391880392532718,,,,
2024-04-19 12:44,平倉,,,,,,62386.29125,-0.0029391880392532718,4.191012855747368,0.0
2024-04-19 14:59,開倉,-1.0,64553.707,-0.002832087987255458,64553.706999999995,-0.002832087987255458,,,,
2024-04-19 17:29,平倉,,,,,,64608.588149999996,0.002832087987255458,-0.33840545201491823,0.0
2024-04-19 22:29,開倉,1.0,64042.24442788411,0.0028494192411383135,64042.24442788411,0.0028494192411383135,,,,
2024-04-20 00:59,平倉,,,,,,63954.90655000001,-0.0028494192411383135,-0.4310965710119149,0.0
2024-04-20 07:14,開倉,1.0,63536.80545390372,0.0028624246317518337,63536.80545390372,0.0028624246317518337,,,,
2024-04-20 09:44,平倉,,,,,,63733.26457337653,-0.0028624246317518337,0.379917756334466,0.0
2024-04-20 17:14,開倉,1.0,63741.290361711945,0.0028563504658362304,63741.290361711945,0.0028563504658362304,,,,
2024-04-20 19:44,平倉,,,,,,63763.34833671016,-0.0028563504658362304,-0.11912516256328894,0.0
2024-04-20 23:44,開倉,-1.0,64552.25847220621,-0.0028129836230132016,64552.2584722062,-0.0028129836230132016,,,,
2024-04-21 02:14,平倉,,,,,,65092.53,0.0028129836230132016,-1.7028791805347678,0.0
2024-04-21 10:29,開倉,-1.0,65255.25605,-0.002753815330653336,65255.256049999996,-0.002753815330653336,,,,
2024-04-21 12:59,平倉,,,,,,65093.24111750106,0.002753815330653336,0.2669044395990572,0.0
2024-04-22 00:14,開倉,1.0,64601.1060804448,0.002785834072699306,64601.1060804448,0.002785834072699306,,,,
2024-04-22 02:44,平倉,,,,,,64805.98782928361,-0.002785834072699306,0.39022782777961956,0.0
2024-04-22 11:44,開倉,-1.0,65616.07555,-0.0027432033637512813,65616.07555,-0.0027432033637512813,,,,
2024-04-22 14:14,平倉,,,,,,66187.8774,0.0027432033637512813,-1.7501355662424525,0.0
2024-04-22 22:14,開倉,-1.0,66219.47267923063,-0.0026890741230904402,66219.47267923063,-0.0026890741230904402,,,,
2024-04-23 00:44,平倉,,,,,,66124.20892682257,0.0026890741230904402,0.07835839233407435,0.0
2024-04-23 01:29,開倉,-1.0,66676.14525,-0.00266916164598853,66676.14525,-0.00266916164598853,,,,
2024-04-23 03:59,平倉,,,,,,66523.74524999999,0.00266916164598853,0.22921760547986364,0.0
2024-04-23 06:59,開倉,-1.0,66961.00275,-0.002658571778563135,66961.00275,-0.002658571778563135,,,,
2024-04-23 09:29,平倉,,,,,,66972.46949999999,0.002658571778563135,-0.2085362952951987,0.0
2024-04-23 12:59,開倉,1.0,66249.40815,0.0026839785685922853,66249.40815,0.0026839785685922853,,,,
2024-04-23 15:29,平倉,,,,,,66266.21105857054,-0.0026839785685922853,-0.13275844380968543,0.0
2024-04-23 19:44,開倉,1.0,66022.4157043169,0.0026885000199141935,66022.4157043169,0.0026885000199141935,,,,
2024-04-23 22:14,平倉,,,,,,66820.02424675388,-0.0026885000199141935,1.96472494570749,0.0
2024-04-23 22:14,開倉,-1.0,66820.02424675388,-0.002680486657453078,66820.02424675388,-0.002680486657453078,,,,
2024-04-24 00:44,平倉,,,,,,66708.3375,0.002680486657453078,0.12056402587849796,0.0
2024-04-24 04:14,開倉,1.0,66290.8923959571,0.0027037018407635297,66290.8923959571,0.0027037018407635297,,,,
2024-04-24 06:44,平倉,,,,,,66411.07748599211,-0.0027037018407635297,0.14538889671402339,0.0
2024-04-24 17:14,開倉,1.0,66496.67337388653,0.002694825769060791,66496.67337388653,0.002694825769060791,,,,
2024-04-24 19:44,平倉,,,,,,66534.67078633815,-0.002694825769060791,-0.07690293913875496,0.0
2024-04-24 21:14,開倉,1.0,66176.78527281804,0.002703980259679067,66176.78527281804,0.002703980259679067,,,,
2024-04-24 23:29,平倉,,,,,,64788.428728213905,-0.002703980259679067,-3.9292753223425474,0.0
2024-04-24 23:29,開倉,1.0,64833.55559442846,0.002696604393703092,64833.555594428464,0.002696604393703092,,,,
2024-04-25 01:59,平倉,,,,,,65004.98407385737,-0.002696604393703092,0.28698206516766234,0.0
2024-04-25 15:44,開倉,1.0,63928.04805,0.002736555610592101,63928.04805,0.002736555610592101,,,,
2024-04-25 18:14,平倉,,,,,,63791.327269865345,-0.002736555610592101,-0.5487125325094784,0.0
2024-04-25 18:29,開倉,1.0,63483.241161271784,0.0027443249330035982,63483.24116127178,0.0027443249330035982,,,,
2024-04-25 20:59,平倉,,,,,,63397.904570369974,-0.0027443249330035982,-0.4081757843219951,0.0
2024-04-25 21:14,開倉,1.0,63129.82935183586,0.002750458186033847,63129.82935183586,0.002750458186033847,,,,
2024-04-25 23:44,平倉,,,,,,63813.34752797847,-0.002750458186033847,1.704472218787806,0.0
2024-04-26 01:29,開倉,-1.0,64692.37599249916,-0.0027049938250430956,64692.375992499154,-0.0027049938250430956,,,,
2024-04-26 03:59,平倉,,,,,,64863.01099740977,0.0027049938250430956,-0.6370206788411175,0.0
2024-04-26 08:14,開倉,1.0,64495.73132114568,0.0027033593521638474,64495.73132114567,0.0027033593521638474,,,,
2024-04-26 10:44,平倉,,,,,,64418.56874061116,-0.0027033593521638474,-0.3827447239830051,0.0
2024-04-26 21:14,開倉,1.0,64018.501837941825,0.0027148051741239815,64018.501837941825,0.0027148051741239815,,,,
2024-04-26 23:44,平倉,,,,,,63523.68399244835,-0.0027148051741239815,-1.5157884731766824,0.0
2024-04-26 23:44,開倉,1.0,63587.23945417165,0.0027066331308033586,63587.23945417165,0.0027066331308033586,,,,
2024-04-27 02:14,平倉,,,,,,64196.18552499259,-0.0027066331308033586,1.474438087543333,0.0
2024-04-27 08:29,開倉,1.0,63735.81881286472,0.0027207669746278544,63735.81881286472,0.0027207669746278544,,,,
2024-04-27 10:59,平倉,,,,,,63020.18458534972,-0.0027207669746278544,-2.118537209090904,0.0
2024-04-27 18:44,開倉,1.0,62981.392542481844,0.002716948776858312,62981.39254248184,0.002716948776858312,,,,
2024-04-27 21:14,平倉,,,,,,63090.895860135664,-0.002716948776858312,0.12610017262340242,0.0
2024-04-28 08:29,開倉,-1.0,63880.011888863606,-0.002675346890864517,63880.011888863606,-0.002675346890864517,,,,
2024-04-28 10:59,平倉,,,,,,64050.436575380845,0.002675346890864517,-0.6273022915509154,0.0
2024-04-28 10:59,開倉,-1.0,63986.418148019155,-0.002658429581427051,63986.41814801915,-0.002658429581427051,,,,
2024-04-28 13:29,平倉,,,,,,63972.081434609456,0.002658429581427051,-0.13195213064246006,0.0
2024-04-28 18:14,開倉,1.0,63664.249016980284,0.002669808744696887,63664.249016980284,0.002669808744696887,,,,
2024-04-28 20:44,平倉,,,,,,63562.17203575987,-0.002669808744696887,-0.44222485982752674,0.0
2024-04-29 06:14,開倉,1.0,63520.995961087705,0.002666187200955566,63520.995961087705,0.002666187200955566,,,,
2024-04-29 08:44,平倉,,,,,,63361.04339496758,-0.002666187200955566,-0.5953958874883316,0.0
2024-04-29 11:14,開倉,1.0,62552.0604,0.002695254612142457,62552.0604,0.002695254612142457,,,,
2024-04-29 13:44,平倉,,,,,,62336.61610000001,-0.002695254612142457,-0.7486902952836699,0.0
2024-04-29 21:44,開倉,1.0,62050.28556181192,0.0027022597093206546,62050.28556181192,0.0027022597093206546,,,,
2024-04-30 00:14,平倉,,,,,,63001.18365,-0.0027022597093206546,2.3993280311637757,0.0
2024-04-30 06:29,開倉,-1.0,63474.24193681287,-0.0026741387604515606,63474.24193681287,-0.0026741387604515606,,,,
2024-04-30 08:59,平倉,,,,,,64598.182949999995,0.0026741387604515606,-3.1783187327062294,0.0
2024-04-30 08:59,開倉,-1.0,64533.61705000001,-0.0025783855705788787,64533.61705000001,-0.0025783855705788787,,,,
2024-04-30 11:29,平倉,,,,,,63752.56034999999,0.0025783855705788787,1.849486643390097,0.0
2024-04-30 16:14,開倉,1.0,62856.4125,0.002676623621294229,62856.4125,0.002676623621294229,,,,
2024-04-30 18:44,平倉,,,,,,61664.05255000001,-0.002676623621294229,-3.35655026689524,0.0
2024-05-01 00:29,開倉,1.0,60407.818514769955,0.002726739797516191,60407.81851476996,0.002726739797516191,,,,
2024-05-01 02:59,平倉,,,,,,60428.9667320549,-0.002726739797516191,-0.1071083827937225,0.0
2024-05-01 03:59,開倉,1.0,59348.71651068109,0.0027708171599254627,59348.71651068109,0.0027708171599254627,,,,
2024-05-01 06:29,平倉,,,,,,60735.51705,-0.0027708171599254627,3.674283718879633,0.0
2024-05-01 14:59,開倉,1.0,59572.50116561035,0.0028193551225392235,59572.50116561035,0.0028193551225392235,,,,
2024-05-01 15:29,平倉,,,,,,58322.699267093456,-0.0028193551225392235,-3.6880677856818536,0.0
2024-05-01 15:29,開倉,1.0,58021.48676976225,0.002828229568487034,58021.48676976225,0.002828229568487034,,,,
2024-05-01 17:59,平倉,,,,,,57222.44506374049,-0.002828229568487034,-2.421711590535458,0.0
2024-05-02 19:29,開倉,-1.0,58251.159850000004,-0.0027698942314396072,58251.15985,-0.0027698942314396072,,,,
2024-05-02 21:59,平倉,,,,,,58454.6127,0.0027698942314396072,-0.7254559701037182,0.0
2024-05-02 22:44,開倉,-1.0,59174.398,-0.0027116995685227832,59174.398,-0.0027116995685227832,,,,
2024-05-03 01:14,平倉,,,,,,58973.0118846673,0.0027116995685227832,0.3861815511720251,0.0
2024-05-03 10:14,開倉,-1.0,59595.95032382729,-0.0026963039292691145,59595.95032382728,-0.0026963039292691145,,,,
2024-05-03 12:44,平倉,,,,,,59558.348021804966,0.0026963039292691145,-0.059200173099639056,0.0
2024-05-03 16:14,開倉,1.0,59106.99759677367,0.002717606574935156,59106.99759677367,0.002717606574935156,,,,
2024-05-03 18:44,平倉,,,,,,58949.550352403836,-0.002717606574935156,-0.5880813521320423,0.0
2024-05-03 20:44,開倉,-1.0,60367.70412462192,-0.002645796817306965,60367.70412462192,-0.002645796817306965,,,,
2024-05-03 21:59,平倉,,,,,,61636.664068252045,0.002645796817306965,-3.520488269767801,0.0
2024-05-03 21:59,開倉,-1.0,61613.08419847423,-0.002532616450325062,61613.08419847423,-0.002532616450325062,,,,
2024-05-04 00:29,平倉,,,,,,61809.978473574556,0.002532616450325062,-0.6551986483703292,0.0
2024-05-04 03:59,開倉,-1.0,61946.65368676599,-0.002505889600474009,61946.65368676599,-0.002505889600474009,,,,
2024-05-04 06:29,平倉,,,,,,62936.10198481999,0.002505889600474009,-2.637159123758353,0.0
2024-05-04 13:59,開倉,-1.0,63309.60029610422,-0.0024078572624236837,63309.600296104225,-0.0024078572624236837,,,,
2024-05-04 16:29,平倉,,,,,,62889.261086295104,0.0024078572624236837,0.8606884549852292,0.0
2024-05-04 18:44,開倉,-1.0,63668.29918626955,-0.002405410175261703,63668.29918626955,-0.002405410175261703,,,,
2024-05-04 21:14,平倉,,,,,,63892.772255967524,0.002405410175261703,-0.6936381304339214,0.0
2024-05-05 04:14,開倉,-1.0,64002.27092792402,-0.0023796344939680035,64002.270927924015,-0.0023796344939680035,,,,
2024-05-05 06:44,平倉,,,,,,63712.2019260726,0.0023796344939680035,0.5386464490465569,0.0
2024-05-05 09:14,開倉,1.0,63231.618763657134,0.002417159806931681,63231.618763657134,0.002417159806931681,,,,
2024-05-05 11:44,平倉,,,,,,62981.66141092254,-0.002417159806931681,-0.7564236070133646,0.0
2024-05-05 21:44,開倉,-1.0,64095.97513835104,-0.00236800130784881,64095.97513835104,-0.00236800130784881,,,,
2024-05-06 00:14,平倉,,,,,,64357.301109810265,0.00236800130784881,-0.7712184153879624,0.0
2024-05-06 04:29,開倉,1.0,63600.67908904085,0.0023743103239104984,63600.67908904085,0.0023743103239104984,,,,
2024-05-06 06:59,平倉,,,,,,63792.2879,-0.0023743103239104984,0.30347609026568656,0.0
2024-05-06 16:29,開倉,-1.0,65158.37478650418,-0.0023175717517190833,65158.37478650418,-0.0023175717517190833,,,,
2024-05-06 18:59,平倉,,,,,,63933.8465392157,0.0023175717517190833,2.6897607983798304,0.0
2024-05-07 01:44,開倉,1.0,63001.0848,0.0024396455235271963,63001.08479999999,0.0024396455235271963,,,,
2024-05-07 04:14,平倉,,,,,,63019.074700000005,-0.0024396455235271963,-0.10985522448494241,0.0
2024-05-07 11:29,開倉,1.0,62965.467,0.0024368377541440795,62965.467,0.0024368377541440795,,,,
2024-05-07 13:59,平倉,,,,,,63483.428318254395,-0.0024368377541440795,1.1074888806201326,0.0
2024-05-07 16:29,開倉,-1.0,64064.39683677036,-0.002407528207375063,64064.39683677035,-0.002407528207375063,,,,
2024-05-07 18:59,平倉,,,,,,64006.60260659947,0.002407528207375063,-0.014956461873707555,0.0
2024-05-07 21:59,開倉,1.0,63189.46627961797,0.0024406263836606124,63189.46627961797,0.0024406263836606124,,,,
2024-05-08 00:29,平倉,,,,,,63450.10149851014,-0.0024406263836606124,0.48125519997619043,0.0
2024-05-08 02:44,開倉,1.0,62841.00747325596,0.0024593666082662192,62841.007473255966,0.0024593666082662192,,,,
2024-05-08 05:14,平倉,,,,,,62952.55396887407,-0.0024593666082662192,0.11951031745614873,0.0
2024-05-08 07:14,開倉,1.0,62406.387599999995,0.0024759327542330195,62406.3876,0.0024759327542330195,,,,
2024-05-08 09:44,平倉,,,,,,62397.555149982625,-0.0024759327542330195,-0.17636070287805214,0.0
2024-05-08 14:29,開倉,1.0,62186.04787869674,0.002479382180285636,62186.047878696736,0.002479382180285636,,,,
2024-05-08 16:59,平倉,,,,,,62179.655696241614,-0.002479382180285636,-0.1700157935819208,0.0
2024-05-08 21:14,開倉,1.0,61892.58793641393,0.0024858973138909214,61892.587936413925,0.0024858973138909214,,,,
2024-05-08 23:44,平倉,,,,,,62183.792550000006,-0.0024858973138909214,0.5693222438386849,0.0
2024-05-09 04:29,開倉,1.0,61686.13695223879,0.002500955596844853,61686.13695223879,0.002500955596844853,,,,
2024-05-09 06:59,平倉,,,,,,61196.18660000001,-0.002500955596844853,-1.3783930209905217,0.0
2024-05-09 15:59,開倉,1.0,61287.13953432934,0.0024922170780833936,61287.13953432934,0.0024922170780833936,,,,
2024-05-09 18:29,平倉,,,,,,60992.01332141815,-0.0024922170780833936,-0.8875239252336787,0.0
2024-05-09 18:29,開倉,1.0,61053.035846001854,0.0024847260877172463,61053.035846001854,0.0024847260877172463,,,,
2024-05-09 20:59,平倉,,,,,,61453.158050000005,-0.0024847260877172463,0.8414998135696821,0.0
2024-05-09 23:29,開倉,-1.0,62144.61215,-0.0024497361270428807,62144.61215000001,-0.0024497361270428807,,,,
2024-05-10 01:59,平倉,,,,,,61893.43352785835,0.0024497361270428807,0.46369876486134354,0.0
2024-05-10 06:44,開倉,-1.0,62921.823350000006,-0.002424424444430339,62921.823350000006,-0.002424424444430339,,,,
2024-05-10 09:14,平倉,,,,,,62598.35198024301,0.002424424444430339,0.6324669211902724,0.0
2024-05-10 14:59,開倉,-1.0,63099.4345,-0.002425202152541998,63099.4345,-0.002425202152541998,,,,
2024-05-10 17:29,平倉,,,,,,62792.17357386864,0.002425202152541998,0.5928861449316919,0.0
2024-05-10 22:14,開倉,1.0,62563.265999999996,0.00245546751027773,62563.26599999999,0.00245546751027773,,,,
2024-05-10 22:59,平倉,,,,,,61250.719320000004,-0.00245546751027773,-3.373314879734264,0.0
2024-05-10 22:59,開倉,1.0,61069.51151992196,0.0024577463098864436,61069.51151992196,0.0024577463098864436,,,,
2024-05-11 01:29,平倉,,,,,,60403.08335000001,-0.0024577463098864436,-1.7863668306392744,0.0
2024-05-11 19:14,開倉,1.0,60595.52357204578,0.0024449980695551133,60595.52357204577,0.0024449980695551133,,,,
2024-05-11 21:44,平倉,,,,,,60857.89762589161,-0.0024449980695551133,0.49270661294193285,0.0
2024-05-12 00:14,開倉,-1.0,61381.169144698884,-0.002416901416619302,61381.16914469888,-0.002416901416619302,,,,
2024-05-12 02:44,平倉,,,,,,61351.02252110997,0.002416901416619302,-0.07541795598398969,0.0
2024-05-12 18:29,開倉,-1.0,61228.9702,-0.0024192563727623087,61228.9702,-0.0024192563727623087,,,,
2024-05-12 20:59,平倉,,,,,,61158.263849999996,0.0024192563727623087,0.023099268266089573,0.0
2024-05-12 23:29,開倉,-1.0,61278.3455,-0.0024152677157478026,61278.345499999996,-0.0024152677157478026,,,,
2024-05-13 01:59,平倉,,,,,,61619.5944,0.0024152677157478026,-0.9730352682162589,0.0
2024-05-13 05:29,開倉,1.0,61085.20144169231,0.002406967388854457,61085.20144169231,0.002406967388854457,,,,
2024-05-13 07:59,平倉,,,,,,61424.97215,-0.002406967388854457,0.6699691097582452,0.0
2024-05-13 10:29,開倉,1.0,61078.42904042394,0.0024158003180723584,61078.42904042393,0.0024158003180723584,,,,
2024-05-13 12:59,平倉,,,,,,60886.413773515196,-0.0024158003180723584,-0.610959960633209,0.0
2024-05-13 15:29,開倉,-1.0,61635.067050000005,-0.0023792896119251518,61635.06705000001,-0.0023792896119251518,,,,
2024-05-13 17:29,平倉,,,,,,62930.667609,0.0023792896119251518,-3.23233923494669,0.0
2024-05-14 09:44,開倉,1.0,62593.608200118295,0.0022911879266646956,62593.608200118295,0.0022911879266646956,,,,
2024-05-14 12:14,平倉,,,,,,62439.48027951134,-0.0022911879266646956,-0.49619661422021816,0.0
2024-05-14 14:14,開倉,1.0,61778.379114681,0.002311064021130672,61778.379114680996,0.002311064021130672,,,,
2024-05-14 16:44,平倉,,,,,,61619.32826143095,-0.002311064021130672,-0.5099829170275496,0.0
2024-05-15 00:29,開倉,1.0,61358.345343011126,0.0023162408532462378,61358.345343011126,0.0023162408532462378,,,,
2024-05-15 02:59,平倉,,,,,,61285.37629359463,-0.0023162408532462378,-0.31096558555882625,0.0
2024-05-15 15:59,開倉,-1.0,62126.42125000001,-0.0022780291201975355,62126.42125000001,-0.0022780291201975355,,,,
2024-05-15 18:29,平倉,,,,,,62744.08683530503,0.0022780291201975355,-1.54999304679973,0.0
2024-05-15 18:29,開倉,-1.0,62681.37410483496,-0.002230887973565557,62681.374104834955,-0.002230887973565557,,,,
2024-05-15 20:59,平倉,,,,,,63711.37848678871,0.002230887973565557,-2.439957336465913,0.0
2024-05-15 20:59,開倉,-1.0,63647.69894807129,-0.002156505629608567,63647.69894807129,-0.002156505629608567,,,,
2024-05-15 23:29,平倉,,,,,,64872.52004999999,0.002156505629608567,-2.7812315562673398,0.0
2024-05-16 03:29,開倉,-1.0,65751.96641532762,-0.0020431266087360535,65751.96641532762,-0.0020431266087360535,,,,
2024-05-16 05:59,平倉,,,,,,65839.10198821437,0.0020431266087360535,-0.3125466286997849,0.0
2024-05-16 15:14,開倉,-1.0,65999.5837,-0.0020286935443522493,65999.5837,-0.0020286935443522493,,,,
2024-05-16 17:44,平倉,,,,,,66136.12603826051,0.0020286935443522493,-0.4111724921021388,0.0
2024-05-16 19:59,開倉,-1.0,66372.09941720589,-0.0020090992700885417,66372.09941720589,-0.0020090992700885417,,,,
2024-05-16 22:29,平倉,,,,,,65927.38939639766,0.0020090992700885417,0.7610119082917226,0.0
2024-05-16 22:59,開倉,1.0,65601.88455,0.002044293847057661,65601.88455,0.002044293847057661,,,,
2024-05-17 01:29,平倉,,,,,,64546.16472647328,-0.002044293847057661,-2.2901528668539743,0.0
2024-05-17 01:29,開倉,1.0,64610.74318042672,0.0020381139100385985,64610.74318042672,0.0020381139100385985,,,,
2024-05-17 03:59,平倉,,,,,,65055.83509129953,-0.0020381139100385985,0.7745568123667839,0.0
2024-05-17 15:14,開倉,-1.0,66260.75305,-0.0019950722170405787,66260.75305,-0.0019950722170405787,,,,
2024-05-17 17:44,平倉,,,,,,66137.05878222942,0.0019950722170405787,0.11483078854305862,0.0
2024-05-17 21:44,開倉,1.0,65896.44242558513,0.002007845505114452,65896.44242558513,0.002007845505114452,,,,
2024-05-18 00:14,平倉,,,,,,66889.390763895,-0.002007845505114452,1.8593832953012066,0.0
2024-05-18 15:29,開倉,-1.0,67128.01920000001,-0.001994753360102993,67128.01920000001,-0.001994753360102993,,,,
2024-05-18 17:59,平倉,,,,,,67006.62720119544,0.001994753360102993,0.10848540274627583,0.0
2024-05-18 18:29,開倉,-1.0,67110.14057491443,-0.0019949062090984676,67110.14057491443,-0.0019949062090984676,,,,
2024-05-18 20:59,平倉,,,,,,66890.6757205585,0.0019949062090984676,0.3043711763078025,0.0
2024-05-18 22:44,開倉,1.0,66673.31999999999,0.002012543540980862,66673.31999999999,0.002012543540980862,,,,
2024-05-19 01:14,平倉,,,,,,66727.46387442171,-0.002012543540980862,-0.025325021675398324,0.0
2024-05-19 15:59,開倉,-1.0,67261.35250000001,-0.0019905846435807634,67261.35250000001,-0.0019905846435807634,,,,
2024-05-19 18:29,平倉,,,,,,67182.49378840436,0.0019905846435807634,0.023242499862201532,0.0
2024-05-19 18:44,開倉,-1.0,67402.25317886779,-0.0019847826666251926,67402.25317886779,-0.0019847826666251926,,,,
2024-05-19 21:14,平倉,,,,,,66794.6397209657,0.0019847826666251926,1.0734078161106115,0.0
2024-05-20 03:14,開倉,1.0,66169.58524521335,0.002037987208996973,66169.58524521335,0.002037987208996973,,,,
2024-05-20 05:44,平倉,,,,,,66062.27722520618,-0.002037987208996973,-0.3533264481795877,0.0
2024-05-20 12:44,開倉,-1.0,66937.80395231144,-0.0020052950638687977,66937.80395231144,-0.0020052950638687977,,,,
2024-05-20 15:14,平倉,,,,,,66674.1204,0.0020052950638687977,0.39506204134761125,0.0
2024-05-20 23:59,開倉,-1.0,67348.40895000001,-0.001996940262228518,67348.40895000001,-0.001996940262228518,,,,
2024-05-21 02:29,平倉,,,,,,68379.65361609783,0.001996940262228518,-2.1958840773623605,0.0
2024-05-21 03:29,開倉,-1.0,69068.89676191693,-0.0019134740235604748,69068.89676191693,-0.0019134740235604748,,,,
2024-05-21 05:59,平倉,,,,,,69666.82511056299,0.0019134740235604748,-1.2774260232376449,0.0
2024-05-21 07:29,開倉,-1.0,71371.03940184339,-0.0018320127900124867,71371.03940184339,-0.0018320127900124867,,,,
2024-05-21 09:59,平倉,,,,,,70960.10140309177,0.0018320127900124867,0.6228438562640467,0.0
2024-05-21 21:59,開倉,1.0,70577.085775464,0.0018614513604248515,70577.085775464,0.0018614513604248515,,,,
2024-05-22 00:29,平倉,,,,,,69767.5326754338,-0.0018614513604248515,-1.636812587999543,0.0
2024-05-22 00:59,開倉,1.0,69525.08862999913,0.0018641722346701777,69525.08862999914,0.0018641722346701777,,,,
2024-05-22 03:29,平倉,,,,,,69219.55445996464,-0.0018641722346701777,-0.6986054880418212,0.0
2024-05-22 12:44,開倉,1.0,69269.9354320866,0.0018590765632991104,69269.9354320866,0.0018590765632991104,,,,
2024-05-22 15:14,平倉,,,,,,69760.41493427473,-0.0018590765632991104,0.7821489948462341,0.0
2024-05-22 21:44,開倉,1.0,69510.11151427368,0.0018620573072054458,69510.11151427368,0.0018620573072054458,,,,
2024-05-23 00:14,平倉,,,,,,70397.37879518364,-0.0018620573072054458,1.5210585702690174,0.0
2024-05-23 21:29,開倉,1.0,69263.45510563263,0.001888790177199212,69263.45510563263,0.001888790177199212,,,,
2024-05-23 22:59,平倉,,,,,,67810.3417396484,-0.001888790177199212,-2.872705759418268,0.0
2024-05-23 22:59,開倉,1.0,67831.4988,0.0018843620478041143,67831.4988,0.0018843620478041143,,,,
2024-05-24 01:29,平倉,,,,,,68065.85005,-0.0018843620478041143,0.31334189676969393,0.0
2024-05-24 04:14,開倉,1.0,66699.59896712711,0.001919122746205118,66699.59896712711,0.001919122746205118,,,,
2024-05-24 06:44,平倉,,,,,,67580.98923093539,-0.001919122746205118,1.5617998899140684,0.0
2024-05-24 13:29,開倉,1.0,67416.82652265757,0.0019199840201174477,67416.82652265757,0.0019199840201174477,,,,
2024-05-24 15:59,平倉,,,,,,67157.6044,-0.0019199840201174477,-0.6266438604408447,0.0
2024-05-24 16:29,開倉,1.0,66758.1624,0.0019275960250058695,66758.1624,0.0019275960250058695,,,,
2024-05-24 18:59,平倉,,,,,,67194.3037039586,-0.0019275960250058695,0.7111807711286943,0.0
2024-05-24 23:14,開倉,-1.0,68150.48935783567,-0.0018948705723194903,68150.48935783567,-0.0018948705723194903,,,,
2024-05-25 01:44,平倉,,,,,,68568.70446510323,0.0018948705723194903,-0.9223923199337392,0.0
2024-05-25 01:59,開倉,-1.0,68725.62624588549,-0.0018637204323567,68725.62624588549,-0.0018637204323567,,,,
2024-06-20 22:29,平倉,,,,,,65354.66693952777,0.0018637204323567,6.160722907776785,0.0
2024-06-20 22:29,開倉,1.0,65089.397764905116,0.0020625349407460505,65089.39776490512,0.0020625349407460505,,,,
2024-06-21 00:59,平倉,,,,,,65019.97985452621,-0.0020625349407460505,-0.2772828459666522,0.0
2024-06-21 07:59,開倉,1.0,64905.83941644754,0.0020620243200982157,64905.83941644753,0.0020620243200982157,,,,
2024-06-21 10:29,平倉,,,,,,65009.35878458778,-0.0020620243200982157,0.07940857585857547,0.0
2024-06-21 11:59,開倉,1.0,64640.14106400271,0.0020696576636904957,64640.1410640027,0.0020696576636904957,,,,
2024-06-21 14:29,平倉,,,,,,64641.95735705784,-0.0020696576636904957,-0.1300276175989092,0.0
2024-06-21 15:59,開倉,1.0,64242.180023913206,0.0020783700179418402,64242.180023913206,0.0020783700179418402,,,,
2024-06-21 18:29,平倉,,,,,,64010.81979669136,-0.0020783700179418402,-0.6138903282914231,0.0
2024-06-21 23:44,開倉,1.0,63542.82426404484,0.002089476496093296,63542.82426404484,0.002089476496093296,,,,
2024-06-22 02:14,平倉,,,,,,63922.173133925484,-0.002089476496093296,0.659076669092622,0.0
2024-06-22 21:14,開倉,1.0,64353.922752165614,0.0020713237154550298,64353.922752165614,0.0020713237154550298,,,,
2024-06-22 23:44,平倉,,,,,,64267.30426557372,-0.0020713237154550298,-0.3125333169282549,0.0
2024-06-23 07:44,開倉,1.0,64303.756427998844,0.0020660029789862622,64303.75642799885,0.0020660029789862622,,,,
2024-06-23 10:14,平倉,,,,,,64537.83138523827,-0.0020660029789862622,0.3502642070635078,0.0
2024-06-23 22:59,開倉,1.0,64249.31665033315,0.0020711391255009283,64249.31665033315,0.0020711391255009283,,,,
2024-06-24 01:29,平倉,,,,,,64191.447664098094,-0.0020711391255009283,-0.2528041403241629,0.0
2024-06-24 04:44,開倉,1.0,63906.62287528626,0.002076204330333683,63906.62287528626,0.002076204330333683,,,,
2024-06-24 07:14,平倉,,,,,,63674.975938343494,-0.002076204330333683,-0.6131486343661843,0.0
2024-06-24 07:44,開倉,1.0,63411.98745710422,0.002080631875518547,63411.98745710422,0.002080631875518547,,,,
2024-06-24 10:14,平倉,,,,,,63339.70973847191,-0.002080631875518547,-0.2821699443440967,0.0
2024-06-24 12:14,開倉,1.0,62799.10374744375,0.002094340214184605,62799.10374744375,0.002094340214184605,,,,
2024-06-24 14:44,平倉,,,,,,62359.95498186143,-0.002094340214184605,-1.050329881241824,0.0
2024-06-24 17:44,開倉,1.0,61136.87230851447,0.0021319416577179166,61136.872308514474,0.0021319416577179166,,,,
2024-06-24 20:14,平倉,,,,,,61437.380052935005,-0.0021319416577179166,0.5096840689210785,0.0
2024-06-25 00:44,開倉,1.0,60736.86254529532,0.002152231328965221,60736.86254529531,0.002152231328965221,,,,
2024-06-25 03:14,平倉,,,,,,60285.838288896484,-0.002152231328965221,-1.1004576046030956,0.0
2024-06-25 03:59,開倉,1.0,59444.89433669166,0.002178286072609374,59444.89433669166,0.002178286072609374,,,,
2024-06-25 06:29,平倉,,,,,,60175.43751873556,-0.002178286072609374,1.4602527214257344,0.0
2024-06-25 11:29,開倉,-1.0,61414.24790935273,-0.002127986028488037,61414.24790935273,-0.002127986028488037,,,,
2024-06-25 13:59,平倉,,,,,,61096.59299758379,0.002127986028488037,0.5459525178378167,0.0
2024-06-25 22:29,開倉,-1.0,62067.91141322317,-0.0021122624354600215,62067.91141322317,-0.0021122624354600215,,,,
2024-06-26 00:59,平倉,,,,,,61586.403172159735,0.0021122624354600215,0.8869851240070734,0.0
2024-06-26 18:44,開倉,1.0,61371.34280138257,0.002150696731569634,61371.342801382576,0.002150696731569634,,,,
2024-06-26 21:14,平倉,,,,,,61386.38230563447,-0.002150696731569634,-0.09967807914863613,0.0
2024-06-27 01:14,開倉,1.0,60999.23614885648,0.0021600165778027816,60999.23614885648,0.0021600165778027816,,,,
2024-06-27 03:44,平倉,,,,,,60897.17587126445,-0.0021600165778027816,-0.3519908009572348,0.0
2024-06-27 14:14,開倉,1.0,60833.760210245484,0.002157936133222526,60833.760210245484,0.002157936133222526,,,,
2024-06-27 16:44,平倉,,,,,,60920.32308567754,-0.002157936133222526,0.055334990256302063,0.0
2024-06-27 21:59,開倉,-1.0,61944.31235000001,-0.0021159046267830036,61944.31235000001,-0.0021159046267830036,,,,
2024-06-28 00:29,平倉,,,,,,61701.48861537436,0.0021159046267830036,0.3832373983464718,0.0
2024-06-28 09:44,開倉,-1.0,61983.892550000004,-0.002118619769724806,61983.892550000004,-0.002118619769724806,,,,
2024-06-28 12:14,平倉,,,,,,61790.90637682181,0.002118619769724806,0.27795288593970546,0.0
2024-06-28 15:59,開倉,1.0,61388.82941552017,0.0021436862912861945,61388.82941552017,0.0021436862912861945,,,,
2024-06-28 18:29,平倉,,,,,,61495.170055688905,-0.0021436862912861945,0.0961346195076144,0.0
2024-06-28 22:29,開倉,1.0,61125.940446915265,0.0021523253399426726,61125.94044691527,0.0021523253399426726,,,,
2024-06-29 00:59,平倉,,,,,,61067.6921057968,-0.0021523253399426726,-0.25680692177003783,0.0
2024-06-29 03:29,開倉,1.0,60573.370283437034,0.0021655447917242996,60573.370283437034,0.0021655447917242996,,,,
2024-06-29 05:59,平倉,,,,,,60380.47542352805,-0.0021655447917242996,-0.5484790833015499,0.0
2024-06-29 15:29,開倉,-1.0,61090.690208113236,-0.0021339409277440413,61090.69020811323,-0.0021339409277440413,,,,
2024-06-29 17:59,平倉,,,,,,61139.55721184524,0.0021339409277440413,-0.2347475027184654,0.0
2024-06-30 06:29,開倉,1.0,61032.14790250948,0.002132139598023419,61032.14790250949,0.002132139598023419,,,,
2024-06-30 08:59,平倉,,,,,,61155.69392638504,-0.002132139598023419,0.13302489301837164,0.0
2024-06-30 13:14,開倉,1.0,60831.48253222561,0.0021392205344997893,60831.48253222561,0.0021392205344997893,,,,
2024-06-30 15:44,平倉,,,,,,61595.786700000004,-0.0021392205344997893,1.5032481985594526,0.0
2024-06-30 15:44,開倉,-1.0,61595.786700000004,-0.002132845871059364,61595.786700000004,-0.002132845871059364,,,,
2024-06-30 18:14,平倉,,,,,,61636.402799999996,0.002132845871059364,-0.21808882840244898,0.0
2024-07-01 02:59,開倉,-1.0,61903.56681559868,-0.0021165990533612645,61903.566815598686,-0.0021165990533612645,,,,
2024-07-01 05:29,平倉,,,,,,61920.09939858058,0.0021165990533612645,-0.16605287326017204,0.0
2024-07-01 06:29,開倉,-1.0,62869.087025432964,-0.0020793701283345783,62869.08702543296,-0.0020793701283345783,,,,
2024-07-01 08:59,平倉,,,,,,62799.05380091296,0.0020793701283345783,0.015042518496536067,0.0
2024-07-01 09:14,開倉,-1.0,63448.36535059835,-0.0020585632599729735,63448.365350598346,-0.0020585632599729735,,,,
2024-07-01 11:44,平倉,,,,,,63304.254161006036,0.0020585632599729735,0.1663461884298897,0.0
2024-07-01 16:44,開倉,1.0,62903.93625,0.002079025749525771,62903.93625,0.002079025749525771,,,,
2024-07-01 19:14,平倉,,,,,,62669.590818715325,-0.002079025749525771,-0.6175018789489111,0.0
2024-07-02 01:29,開倉,-1.0,63464.07467772549,-0.0020468317498004047,63464.07467772548,-0.0020468317498004047,,,,
2024-07-02 03:59,平倉,,,,,,63297.16663927616,0.0020468317498004047,0.21207402204529924,0.0
2024-07-02 14:59,開倉,1.0,62919.73815434367,0.002067911706727878,62919.73815434367,0.002067911706727878,,,,
2024-07-02 17:29,平倉,,,,,,62647.76045,-0.002067911706727878,-0.691975916016087,0.0
2024-07-02 22:14,開倉,1.0,62442.16933031419,0.0020705552846245136,62442.16933031419,0.0020705552846245136,,,,
2024-07-03 00:44,平倉,,,,,,62046.82498917943,-0.0020705552846245136,-0.9470536961584799,0.0
2024-07-03 09:59,開倉,1.0,61784.46578399475,0.0020751669571259066,61784.465783994754,0.0020751669571259066,,,,
2024-07-03 12:29,平倉,,,,,,61012.82180569129,-0.0020751669571259066,-1.7279018782127136,0.0
2024-07-03 18:14,開倉,1.0,60430.91522710484,0.002090917179827796,60430.91522710484,0.002090917179827796,,,,
2024-07-03 20:44,平倉,,,,,,60135.299160094495,-0.002090917179827796,-0.7438466432729742,0.0
2024-07-04 03:29,開倉,1.0,60029.89995,0.0020903816458487296,60029.89995,0.0020903816458487296,,,,
2024-07-04 05:59,平倉,,,,,,60211.9356950383,-0.0020903816458487296,0.2546582550785328,0.0
2024-07-04 09:59,開倉,1.0,58593.23989439772,0.0021438418275633517,58593.23989439772,0.0021438418275633517,,,,
2024-07-04 12:29,平倉,,,,,,58780.936809259874,-0.0021438418275633517,0.27637546599104085,0.0
2024-07-04 16:29,開倉,1.0,58281.0509395085,0.002157913638800125,58281.0509395085,0.002157913638800125,,,,
2024-07-04 18:59,平倉,,,,,,57925.96316798086,-0.002157913638800125,-0.8912479711114647,0.0
2024-07-04 21:29,開倉,1.0,56945.45849999999,0.0021906567448821204,56945.45849999999,0.0021906567448821204,,,,
2024-07-04 23:59,平倉,,,,,,58095.837550000004,-0.0021906567448821204,2.3928175866751253,0.0
2024-07-05 07:29,開倉,1.0,57869.226721904306,0.0021948998391245265,57869.226721904306,0.0021948998391245265,,,,
2024-07-05 09:59,平倉,,,,,,57275.043492429955,-0.0021948998391245265,-1.429885658531129,0.0
2024-07-05 10:59,開倉,1.0,55949.21702513847,0.002242381249042998,55949.21702513847,0.002242381249042998,,,,
2024-07-05 12:29,平倉,,,,,,54775.429853366695,-0.002242381249042998,-2.754905741159693,0.0
2024-07-05 12:29,開倉,1.0,54521.789224066546,0.002248232706618089,54521.789224066546,0.002248232706618089,,,,
2024-07-05 14:59,平倉,,,,,,54281.00885996928,-0.002248232706618089,-0.6633666291420885,0.0
2024-07-06 09:59,開倉,1.0,56282.079035299634,0.0021639451593365843,56282.079035299634,0.0021639451593365843,,,,
2024-07-06 12:29,平倉,,,,,,56277.50319889655,-0.0021639451593365843,-0.13168328966117193,0.0
2024-07-06 12:59,開倉,1.0,56104.699159404496,0.0021662665150572317,56104.699159404496,0.0021662665150572317,,,,
2024-07-06 15:29,平倉,,,,,,56566.296596213426,-0.0021662665150572317,0.8774053965982587,0.0
2024-07-06 23:29,開倉,-1.0,57181.69485000001,-0.002136553388035624,57181.69485000001,-0.002136553388035624,,,,
2024-07-07 01:59,平倉,,,,,,57961.26615,0.002136553388035624,-1.7894330417979443,0.0
2024-07-07 07:14,開倉,-1.0,58204.74440343295,-0.0020661734041567768,58204.74440343295,-0.0020661734041567768,,,,
2024-07-07 09:44,平倉,,,,,,57945.28179059439,0.0020661734041567768,0.41636974988797226,0.0
2024-07-07 12:59,開倉,1.0,57609.49034999999,0.002094753349036691,57609.49034999999,0.002094753349036691,,,,
2024-07-07 15:29,平倉,,,,,,57210.38050000001,-0.002094753349036691,-0.9558783310730409,0.0
2024-07-07 15:29,開倉,1.0,57267.61949999999,0.002088450325144691,57267.61949999999,0.002088450325144691,,,,
2024-07-07 17:59,平倉,,,,,,57571.36784839382,-0.002088450325144691,0.5141283950632477,0.0
2024-07-07 21:14,開倉,1.0,57072.5220972586,0.0021025057109086078,57072.5220972586,0.0021025057109086078,,,,
2024-07-07 23:44,平倉,,,,,,56839.318134784604,-0.0021025057109086078,-0.6098176538906357,0.0
2024-07-08 05:29,開倉,1.0,56242.20705,0.0021205626883632244,56242.20705,0.0021205626883632244,,,,
2024-07-08 07:59,平倉,,,,,,55833.15087447241,-0.0021205626883632244,-0.985826959786515,0.0
2024-07-08 07:59,開倉,1.0,55889.01195588759,0.002114180891998591,55889.01195588759,0.002114180891998591,,,,
2024-07-08 09:14,平倉,,,,,,54716.48785698296,-0.002114180891998591,-2.5946085984165386,0.0
2024-07-08 09:14,開倉,1.0,54729.5727300196,0.0021093780003674234,54729.5727300196,0.0021093780003674234,,,,
2024-07-08 11:44,平倉,,,,,,55262.73022806212,-0.0021093780003674234,1.0080607097185177,0.0
2024-07-08 16:29,開倉,-1.0,56821.39842004415,-0.0020453938357792166,56821.39842004415,-0.0020453938357792166,,,,
2024-07-08 18:59,平倉,,,,,,56945.43762487765,0.0020453938357792166,-0.3701848720550818,0.0
2024-07-08 22:29,開倉,1.0,55782.55134095197,0.002076845991234561,55782.55134095197,0.002076845991234561,,,,
2024-07-09 00:59,平倉,,,,,,55787.0503516847,-0.002076845991234561,-0.10651735948090099,0.0
2024-07-09 22:14,開倉,-1.0,57797.28240356934,-0.0019986011714611413,57797.28240356934,-0.0019986011714611413,,,,
2024-07-10 00:44,平倉,,,,,,57491.300352203834,0.0019986011714611413,0.49663390607244606,0.0
2024-07-10 02:44,開倉,-1.0,57978.286316369326,-0.0019989318986818943,57978.286316369326,-0.0019989318986818943,,,,
2024-07-10 05:14,平倉,,,,,,57922.46536865467,0.0019989318986818943,-0.004200790674229099,0.0
2024-07-10 08:59,開倉,1.0,57466.24885015255,0.0020166697044871336,57466.24885015255,0.0020166697044871336,,,,
2024-07-10 11:29,平倉,,,,,,57850.90539649043,-0.0020166697044871336,0.6590590353419989,0.0
2024-07-10 12:14,開倉,-1.0,58633.60190923204,-0.0019838028669605357,58633.60190923204,-0.0019838028669605357,,,,
2024-07-10 14:44,平倉,,,,,,59140.62040366561,0.0019838028669605357,-1.1231480751699483,0.0
2024-07-10 20:44,開倉,1.0,57980.5758,0.0019867653323243414,57980.5758,0.0019867653323243414,,,,
2024-07-10 23:14,平倉,,,,,,57704.87131458816,-0.0019867653323243414,-0.6624061514166185,0.0
2024-07-11 04:29,開倉,1.0,57391.90428339603,0.0019935879568193067,57391.90428339603,0.0019935879568193067,,,,
2024-07-11 06:59,平倉,,,,,,57704.070425513026,-0.0019935879568193067,0.507292521591438,0.0
2024-07-11 19:44,開倉,-1.0,58662.0543,-0.001955167308937189,58662.0543,-0.001955167308937189,,,,
2024-07-11 22:14,平倉,,,,,,58298.9349,0.001955167308937189,0.5959750084585556,0.0
2024-07-11 22:29,開倉,1.0,57820.38973061181,0.0019939402761595506,57820.38973061181,0.0019939402761595506,,,,
2024-07-12 00:59,平倉,,,,,,57584.093550000005,-0.0019939402761595506,-0.5859797150200313,0.0
2024-07-12 09:14,開倉,1.0,57037.9047,0.002008993558158569,57037.9047,0.002008993558158569,,,,
2024-07-12 11:44,平倉,,,,,,56825.70769668797,-0.002008993558158569,-0.5404648934148699,0.0
2024-07-12 21:59,開倉,-1.0,57793.78865,-0.0019694075800327053,57793.78865,-0.0019694075800327053,,,,
2024-07-13 00:29,平倉,,,,,,58236.5037,0.0019694075800327053,-0.9865777870859386,0.0
2024-07-13 04:14,開倉,1.0,57502.77272356285,0.0019622089345332125,57502.77272356285,0.0019622089345332125,,,,
2024-07-13 06:44,平倉,,,,,,57688.88329456718,-0.0019622089345332125,0.2519901830119383,0.0
2024-07-13 14:29,開倉,-1.0,58099.035950000005,-0.001942523910020083,58099.035950000005,-0.001942523910020083,,,,
2024-07-13 16:59,平倉,,,,,,57827.805145646395,0.001942523910020083,0.414540428431467,0.0
2024-07-13 17:59,開倉,-1.0,58502.28109482587,-0.0019342886326037315,58502.28109482587,-0.0019342886326037315,,,,
2024-07-13 20:29,平倉,,,,,,58581.429525464366,0.0019342886326037315,-0.26640930288524906,0.0
2024-07-14 06:29,開倉,1.0,58364.9679,0.001934272542003358,58364.9679,0.001934272542003358,,,,
2024-07-14 08:59,平倉,,,,,,59556.42880849028,-0.001934272542003358,2.1894117552190773,0.0
2024-07-14 08:59,開倉,-1.0,59556.42880849028,-0.0019285306309827434,59556.42880849028,-0.0019285306309827434,,,,
2024-07-14 11:29,平倉,,,,,,59385.54013071981,0.0019285306309827434,0.21503721638893997,0.0
2024-07-14 13:29,開倉,-1.0,60053.60889915774,-0.001914231801637472,60053.60889915774,-0.001914231801637472,,,,
2024-07-14 15:59,平倉,,,,,,60061.31565,0.001914231801637472,-0.12972378801495754,0.0
2024-07-14 20:29,開倉,1.0,59726.65300974371,0.0019225376536331057,59726.65300974371,0.0019225376536331057,,,,
2024-07-14 22:59,平倉,,,,,,59975.45500147483,-0.0019225376536331057,0.36302612686787283,0.0
2024-07-15 04:44,開倉,-1.0,60137.598056031515,-0.0019116168418096546,60137.598056031515,-0.0019116168418096546,,,,
2024-07-15 07:14,平倉,,,,,,60968.469,0.0019116168418096546,-1.7048552420201872,0.0
2024-07-15 10:29,開倉,-1.0,61908.079567723864,-0.0018275666226485524,61908.079567723864,-0.0018275666226485524,,,,
2024-07-15 12:59,平倉,,,,,,62565.270547672946,0.0018275666226485524,-1.3154024998505403,0.0
2024-07-15 22:59,開倉,-1.0,63149.309550000005,-0.0017690345518959368,63149.309550000005,-0.0017690345518959368,,,,
2024-07-16 01:29,平倉,,,,,,63354.7483816391,0.0017690345518959368,-0.4755051303844889,0.0
2024-07-16 06:14,開倉,-1.0,64063.08250742377,-0.00173464000390175,64063.08250742377,-0.00173464000390175,,,,
2024-07-16 08:44,平倉,,,,,,64506.509258871396,0.00173464000390175,-0.8810813533337425,0.0
2024-07-16 13:29,開倉,1.0,63927.037274834984,0.0017245420486242196,63927.037274834984,0.0017245420486242196,,,,
2024-07-16 15:59,平倉,,,,,,62853.05775,-0.0017245420486242196,-1.96051559091387,0.0
2024-07-16 23:29,開倉,-1.0,64461.153300000005,-0.0016764352396557243,64461.153300000005,-0.0016764352396557243,,,,
2024-07-17 01:59,平倉,,,,,,64542.0549,0.0016764352396557243,-0.24382686845868162,0.0
2024-07-17 07:29,開倉,-1.0,65202.782300000006,-0.0016519729574398694,65202.782300000006,-0.0016519729574398694,,,,
2024-07-17 09:59,平倉,,,,,,65710.89814684865,0.0016519729574398694,-0.9479462649882898,0.0
2024-07-17 15:59,開倉,1.0,65263.015199999994,0.0016359160325503926,65263.0152,0.0016359160325503926,,,,
2024-07-17 18:29,平倉,,,,,,65268.84925000001,-0.0016359160325503926,-0.097230340984481,0.0
2024-07-17 19:44,開倉,1.0,64722.344999999994,0.0016464285363393476,64722.344999999994,0.0016464285363393476,,,,
2024-07-17 22:14,平倉,,,,,,64714.11032104859,-0.0016464285363393476,-0.12010496834957315,0.0
2024-07-18 00:14,開倉,1.0,64421.27035958083,0.0016506029163401571,64421.27035958083,0.0016506029163401571,,,,
2024-07-18 02:44,平倉,,,,,,64520.60191725179,-0.0016506029163401571,0.05745906508766667,0.0
2024-07-18 08:14,開倉,1.0,64002.130443245274,0.00166064842974303,64002.13044324527,0.00166064842974303,,,,
2024-07-18 10:44,平倉,,,,,,64617.8749,-0.00166064842974303,0.91522749274671,0.0
2024-07-18 18:29,開倉,1.0,64441.827347508115,0.001661876901314758,64441.827347508115,0.001661876901314758,,,,
2024-07-18 20:59,平倉,,,,,,64759.70811715539,-0.001661876901314758,0.4206560453931728,0.0
2024-07-18 22:44,開倉,1.0,64010.94154146271,0.00167796473856959,64010.94154146271,0.00167796473856959,,,,
2024-07-19 01:14,平倉,,,,,,63750.83901830825,-0.00167796473856959,-0.5434145221931042,0.0
2024-07-19 16:14,開倉,1.0,63423.695999999996,0.0016832345240952052,63423.695999999996,0.0016832345240952052,,,,
2024-07-19 18:44,平倉,,,,,,63957.90505000001,-0.0016832345240952052,0.7915429621751592,0.0
2024-07-19 21:59,開倉,-1.0,65077.0452,-0.0016493480064209503,65077.0452,-0.0016493480064209503,,,,
2024-07-20 00:29,平倉,,,,,,66205.06545862443,0.0016493480064209503,-1.969693157493806,0.0
2024-07-21 01:14,開倉,-1.0,66884.45227183627,-0.0015737395142036079,66884.45227183627,-0.0015737395142036079,,,,
2024-07-21 03:44,平倉,,,,,,67152.06923241871,0.0015737395142036079,-0.5268392503512486,0.0
2024-07-21 08:44,開倉,1.0,66836.86810708694,0.0015669735244715987,66836.86810708694,0.0015669735244715987,,,,
2024-07-21 11:14,平倉,,,,,,67166.90800500044,-0.0015669735244715987,0.4119150154853181,0.0
2024-07-21 14:29,開倉,1.0,66802.56882495641,0.0015723787518119176,66802.56882495641,0.0015723787518119176,,,,
2024-07-21 16:59,平倉,,,,,,66586.512838645,-0.0015723787518119176,-0.4444210600225765,0.0
2024-07-21 22:44,開倉,-1.0,67311.45800413529,-0.001550772649494961,67311.45800413529,-0.001550772649494961,,,,
2024-07-22 01:14,平倉,,,,,,67362.49983199715,0.001550772649494961,-0.18361819296947235,0.0
2024-07-22 02:14,開倉,1.0,66310.7388,0.0015714054764005272,66310.7388,0.0015714054764005272,,,,
2024-07-22 04:44,平倉,,,,,,67895.51914784512,-0.0015714054764005272,2.383641126883757,0.0
2024-07-22 04:44,開倉,-1.0,67895.51914784512,-0.0015667485983574413,67895.51914784512,-0.0015667485983574413,,,,
2024-07-22 07:14,平倉,,,,,,68087.8269,0.0015667485983574413,-0.4079744085027137,0.0
2024-07-22 13:44,開倉,1.0,67606.90866929412,0.0015673994444692846,67606.90866929412,0.0015673994444692846,,,,
2024-07-22 16:14,平倉,,,,,,67153.32794971479,-0.0015673994444692846,-0.816198256813269,0.0
2024-07-22 16:29,開倉,1.0,67069.78877496983,0.0015661955500177699,67069.78877496983,0.0015661955500177699,,,,
2024-07-22 18:59,平倉,,,,,,67260.69294378308,-0.0015661955500177699,0.19364986169549886,0.0
2024-07-22 22:59,開倉,1.0,66715.64916926762,0.001575837989868841,66715.64916926762,0.001575837989868841,,,,
2024-07-23 01:29,平倉,,,,,,67096.41988525116,-0.001575837989868841,0.4942998722370525,0.0
2024-07-23 03:44,開倉,-1.0,67780.99548607123,-0.0015552581581880463,67780.99548607123,-0.0015552581581880463,,,,
2024-07-23 06:14,平倉,,,,,,67618.03591507659,0.0015552581581880463,0.1482807002466695,0.0
2024-07-23 12:44,開倉,1.0,67004.836049187,0.0015754877900050394,67004.836049187,0.0015754877900050394,,,,
2024-07-23 15:14,平倉,,,,,,66457.5546,-0.0015754877900050394,-0.9669383067162658,0.0
2024-07-23 21:59,開倉,1.0,66068.5159997353,0.0015815742131640325,66068.5159997353,0.0015815742131640325,,,,
2024-07-24 00:29,平倉,,,,,,66166.63811448826,-0.0015815742131640325,0.05053995782076896,0.0
2024-07-24 00:44,開倉,1.0,65965.4395102568,0.0015832272581374931,65965.4395102568,0.0015832272581374931,,,,
2024-07-24 03:14,平倉,,,,,,65877.88663050423,-0.0015832272581374931,-0.24291577157459646,0.0
2024-07-24 10:14,開倉,1.0,65451.13099532221,0.0015903583729449825,65451.13099532221,0.0015903583729449825,,,,
2024-07-24 12:44,平倉,,,,,,65716.83251229701,-0.0015903583729449825,0.3180473173957094,0.0
2024-07-24 21:29,開倉,-1.0,66572.67686810099,-0.001565215189614009,66572.67686810099,-0.001565215189614009,,,,
2024-07-24 23:59,平倉,,,,,,66188.97794999999,0.001565215189614009,0.4969713811777792,0.0
2024-07-25 02:44,開倉,1.0,65911.83944999998,0.001588451874713206,65911.83944999998,0.001588451874713206,,,,
2024-07-25 05:14,平倉,,,,,,65575.19600000001,-0.001588451874713206,-0.6389049622832663,0.0
2024-07-25 05:44,開倉,1.0,65419.2933,0.0015890390303490384,65419.2933,0.0015890390303490384,,,,
2024-07-25 08:14,平倉,,,,,,65381.4929,-0.0015890390303490384,-0.16396005504339445,0.0
2024-07-25 09:14,開倉,1.0,64557.0624,0.0016061102955202571,64557.0624,0.0016061102955202571,,,,
2024-07-25 11:44,平倉,,,,,,63936.016,-0.0016061102955202571,-1.1001573105879385,0.0
2024-07-25 20:44,開倉,1.0,63985.3767,0.0016016365435337038,63985.37669999999,0.0016016365435337038,,,,
2024-07-25 23:14,平倉,,,,,,64839.564000000006,-0.0016016365435337038,1.2642481795332141,0.0
2024-07-26 05:14,開倉,-1.0,65318.483078051315,-0.0015851573485987248,65318.483078051315,-0.0015851573485987248,,,,
2024-07-26 07:44,平倉,,,,,,65695.53134999999,0.0015851573485987248,-0.7018185933454436,0.0
2024-07-26 11:14,開倉,-1.0,67124.77897915088,-0.0015305095826824507,67124.77897915088,-0.0015305095826824507,,,,
2024-07-26 13:44,平倉,,,,,,66882.54537018489,0.0015305095826824507,0.2683764831669469,0.0
2024-07-26 17:44,開倉,-1.0,67140.77982666492,-0.0015326106767557396,67140.77982666492,-0.0015326106767557396,,,,
2024-07-26 20:14,平倉,,,,,,67249.66467939553,0.0015326106767557396,-0.2699456419277955,0.0
2024-07-26 21:44,開倉,-1.0,67506.74449633315,-0.001518781817701864,67506.74449633315,-0.001518781817701864,,,,
2024-07-27 00:14,平倉,,,,,,67346.55385255192,0.001518781817701864,0.14100991566475085,0.0
2024-07-27 03:44,開倉,-1.0,67804.78452599104,-0.0015126731762205052,67804.78452599104,-0.0015126731762205052,,,,
2024-07-27 06:14,平倉,,,,,,67884.30823091969,0.0015126731762205052,-0.22298014746644268,0.0
2024-07-27 15:14,開倉,-1.0,68088.3388,-0.001501594791720086,68088.3388,-0.001501594791720086,,,,
2024-07-27 17:44,平倉,,,,,,68009.5684181239,0.001501594791720086,0.016158381443157607,0.0
2024-07-27 20:14,開倉,-1.0,68229.26016928739,-0.0014972323456735573,68229.26016928739,-0.0014972323456735573,,,,
2024-07-27 22:44,平倉,,,,,,69035.31306157763,0.0014972323456735573,-1.3102103663701727,0.0
2024-07-28 03:44,開倉,1.0,67886.22853325104,0.0014854881760214113,67886.22853325104,0.0014854881760214113,,,,
2024-07-28 06:14,平倉,,,,,,68557.51740631352,-0.0014854881760214113,0.8953503021445967,0.0
2024-07-28 12:59,開倉,1.0,67288.12753080032,0.0015105055958007988,67288.12753080032,0.0015105055958007988,,,,
2024-07-28 15:29,平倉,,,,,,67365.80025,-0.0015105055958007988,0.015568658748950998,0.0
2024-07-29 08:14,開倉,-1.0,68367.03404757756,-0.0014839239244664822,68367.03404757756,-0.0014839239244664822,,,,
2024-07-29 10:44,平倉,,,,,,69365.67463819681,0.0014839239244664822,-1.5848400484956244,0.0
2024-07-29 10:44,開倉,-1.0,69296.34362906318,-0.001439701200136221,69296.34362906318,-0.001439701200136221,,,,
2024-07-29 13:14,平倉,,,,,,69412.91746075329,0.001439701200136221,-0.2677653459619344,0.0
2024-07-29 21:14,開倉,-1.0,69839.58657214297,-0.0014232426959712174,69839.58657214297,-0.0014232426959712174,,,,
2024-07-29 23:44,平倉,,,,,,68162.96444999998,0.0014232426959712174,2.2892277479545617,0.0
2024-07-30 00:14,開倉,1.0,67834.34947853695,0.0014990790749355892,67834.34947853695,0.0014990790749355892,,,,
2024-07-30 02:44,平倉,,,,,,67290.43795,-0.0014990790749355892,-0.916240078520067,0.0
2024-07-30 07:14,開倉,1.0,66736.72764412807,0.0015084739591221012,66736.72764412807,0.0015084739591221012,,,,
2024-07-30 09:44,平倉,,,,,,66372.78479916348,-0.0015084739591221012,-0.649119921701854,0.0
2024-07-30 09:59,開倉,1.0,66242.40467306152,0.0015084061460118859,66242.40467306152,0.0015084061460118859,,,,
2024-07-30 12:29,平倉,,,,,,66692.0373,-0.0015084061460118859,0.577629938968089,0.0
2024-07-30 20:29,開倉,1.0,66274.7208,0.0015148822577737574,66274.7208,0.0015148822577737574,,,,
2024-07-30 22:59,平倉,,,,,,65780.59592291288,-0.0015148822577737574,-0.8481908670933177,0.0
2024-07-30 22:59,開倉,1.0,65846.40942558713,0.0015103228252834626,65846.40942558713,0.0015103228252834626,,,,
2024-07-31 01:29,平倉,,,,,,65782.58871610783,-0.0015103228252834626,-0.19574281949654848,0.0
2024-07-31 12:14,開倉,1.0,65849.00805,0.0015057781173019827,65849.00805,0.0015057781173019827,,,,
2024-07-31 14:44,平倉,,,,,,66402.49444769807,-0.0015057781173019827,0.7334402828044468,0.0
2024-07-31 21:44,開倉,-1.0,66635.36565,-0.001496035312426907,66635.36565,-0.001496035312426907,,,,
2024-08-01 00:14,平倉,,,,,,66482.93585928189,0.001496035312426907,0.12857952986084764,0.0
2024-08-01 03:29,開倉,1.0,65726.64689999999,0.001518676345460115,65726.64689999999,0.001518676345460115,,,,
2024-08-01 05:59,平倉,,,,,,64917.624950000005,-0.001518676345460115,-1.3272313598380132,0.0
2024-08-01 10:29,開倉,1.0,64187.485730563276,0.001532849283710254,64187.485730563276,0.001532849283710254,,,,
2024-08-01 12:59,平倉,,,,,,63781.96877993111,-0.001532849283710254,-0.719364512466834,0.0
2024-08-01 22:29,開倉,1.0,64217.0925,0.00151940199401175,64217.0925,0.00151940199401175,,,,
2024-08-02 00:29,平倉,,,,,,62869.84935,-0.00151940199401175,-2.142528502994282,0.0
2024-08-02 00:29,開倉,1.0,62923.54605,0.001515018848221887,62923.54605,0.001515018848221887,,,,
2024-08-02 02:59,平倉,,,,,,62893.0653883739,-0.001515018848221887,-0.14146295635564948,0.0
2024-08-02 04:59,開倉,-1.0,64712.363299726225,-0.001468010064596798,64712.363299726225,-0.001468010064596798,,,,
2024-08-02 07:29,平倉,,,,,,65127.047249999996,0.001468010064596798,-0.7043673734691254,0.0
2024-08-02 21:44,開倉,-1.0,65380.693300000006,-0.0014407836592432196,65380.693300000006,-0.0014407836592432196,,,,
2024-08-03 00:14,平倉,,,,,,63305.33684999999,0.0014407836592432196,2.8989303653886704,0.0
2024-08-03 05:14,開倉,1.0,61923.583179070316,0.0015680587169830413,61923.58317907031,0.0015680587169830413,,,,
2024-08-03 07:44,平倉,,,,,,61504.835588285016,-0.0015680587169830413,-0.7530640035273455,0.0
2024-08-03 09:14,開倉,1.0,60806.28795,0.0015828827697899055,60806.28795,0.0015828827697899055,,,,
2024-08-03 11:44,平倉,,,,,,61831.64549789686,-0.0015828827697899055,1.525148549153594,0.0
2024-08-03 23:29,開倉,1.0,61615.90763164705,0.0015852860571040823,61615.90763164705,0.0015852860571040823,,,,
2024-08-04 01:59,平倉,,,,,,60678.088359589565,-0.0015852860571040823,-1.5829039435244228,0.0
2024-08-04 15:44,開倉,1.0,60456.95818451606,0.0015878638137416146,60456.95818451606,0.0015878638137416146,,,,
2024-08-04 18:14,平倉,,,,,,60642.25655570394,-0.0015878638137416146,0.19793693358606562,0.0
2024-08-04 22:44,開倉,1.0,59843.482596214155,0.0016058458249439706,59843.482596214155,0.0016058458249439706,,,,
2024-08-05 01:14,平倉,,,,,,58587.99563999773,-0.0016058458249439706,-2.110201775102084,0.0
2024-08-05 01:14,開倉,1.0,58513.14523670253,0.0016046309246417578,58513.14523670252,0.0016046309246417578,,,,
2024-08-05 03:44,平倉,,,,,,59332.83507511336,-0.0016046309246417578,1.2200923613204475,0.0
2024-08-05 08:14,開倉,1.0,57672.21256336396,0.0016475658134257674,57672.21256336396,0.0016475658134257674,,,,
2024-08-05 08:59,平倉,,,,,,56462.277789046115,-0.0016475658134257674,-2.086472489274483,0.0
2024-08-05 08:59,開倉,1.0,56318.87153201446,0.0016484027694081854,56318.87153201446,0.0016484027694081854,,,,
2024-08-05 09:14,平倉,,,,,,55137.329189728625,-0.0016484027694081854,-2.0385461953311266,0.0
2024-08-05 09:14,開倉,1.0,53985.307178027004,0.0016801559623228469,53985.307178027004,0.0016801559623228469,,,,
2024-08-05 11:44,平倉,,,,,,54435.43032949984,-0.0016801559623228469,0.6648170838969149,0.0
2024-08-05 14:29,開倉,1.0,50091.76549255324,0.0018222183873994238,50091.76549255324,0.0018222183873994238,,,,
2024-08-05 15:29,平倉,,,,,,52543.783698448104,-0.0018222183873994238,4.372366412220916,0.0
2024-08-06 08:59,開倉,-1.0,56154.269134272785,-0.0017000639990812682,56154.26913427279,-0.0017000639990812682,,,,
2024-08-06 11:29,平倉,,,,,,55874.8882255916,0.0017000639990812682,0.3799745389544824,0.0
2024-08-06 16:44,開倉,1.0,55123.76668677874,0.0017387421372093638,55123.76668677874,0.0017387421372093638,,,,
2024-08-06 19:14,平倉,,,,,,55181.73166294445,-0.0017387421372093638,0.004839344495107117,0.0
2024-08-07 00:14,開倉,-1.0,56652.959350000005,-0.0016885129693598121,56652.959350000005,-0.0016885129693598121,,,,
2024-08-07 02:44,平倉,,,,,,56991.5233507049,0.0016885129693598121,-0.6679006324697947,0.0
2024-08-07 06:29,開倉,1.0,56036.00399999999,0.0016951783723948262,56036.00399999999,0.0016951783723948262,,,,
2024-08-07 08:59,平倉,,,,,,56096.568302840926,-0.0016951783723948262,0.0075736069625737396,0.0
2024-08-07 17:44,開倉,-1.0,57367.285161073676,-0.0016526615218649884,57367.285161073676,-0.0016526615218649884,,,,
2024-08-07 20:14,平倉,,,,,,56914.375124839375,0.0016526615218649884,0.6544467919410959,0.0
2024-08-07 22:29,開倉,1.0,56218.8954,0.0016980674942007824,56218.8954,0.0016980674942007824,,,,
2024-08-08 00:59,平倉,,,,,,55942.670428491816,-0.0016980674942007824,-0.564043075397996,0.0
2024-08-08 02:29,開倉,1.0,55031.40195,0.0017227190144498974,55031.40195,0.0017227190144498974,,,,
2024-08-08 04:59,平倉,,,,,,55090.34105,-0.0017227190144498974,0.006630330225204789,0.0
2024-08-08 09:44,開倉,-1.0,57262.3545,-0.0016524077269832052,57262.3545,-0.0016524077269832052,,,,
2024-08-08 12:14,平倉,,,,,,57255.12640001172,0.0016524077269832052,-0.08266504500074054,0.0
2024-08-08 20:44,開倉,-1.0,58002.08445,-0.0016282787209712208,58002.08445,-0.0016282787209712208,,,,
2024-08-08 23:14,平倉,,,,,,58778.174399999996,0.0016282787209712208,-1.3593980017776646,0.0
2024-08-08 23:14,開倉,-1.0,58719.42560000001,-0.0015836402398498937,58719.42560000001,-0.0015836402398498937,,,,
2024-08-09 01:44,平倉,,,,,,59408.05585307486,0.0015836402398498937,-1.1846235669675291,0.0
2024-08-09 05:44,開倉,-1.0,60441.40693967947,-0.0015173946914796277,60441.40693967947,-0.0015173946914796277,,,,
2024-08-09 06:59,平倉,,,,,,61711.91615408934,0.0015173946914796277,-2.0215052713947355,0.0
2024-08-09 06:59,開倉,-1.0,62270.849,-0.0014388965196824232,62270.849,-0.0014388965196824232,,,,
2024-08-09 09:29,平倉,,,,,,61124.281900266375,0.0014388965196824232,1.5618398928947057,0.0
2024-08-09 16:14,開倉,1.0,60511.29539116186,0.0015065605214648504,60511.29539116186,0.0015065605214648504,,,,
2024-08-09 18:44,平倉,,,,,,60219.54069091816,-0.0015065605214648504,-0.5302704959646511,0.0
2024-08-09 18:44,開倉,1.0,60279.79035644184,0.0015020321580702135,60279.79035644183,0.0015020321580702135,,,,
2024-08-09 21:14,平倉,,,,,,60281.85035519082,-0.0015020321580702135,-0.08745109341490352,0.0
2024-08-09 21:44,開倉,1.0,59913.871514464845,0.0015082333863475923,59913.871514464845,0.0015082333863475923,,,,
2024-08-10 00:14,平倉,,,,,,59710.97457714019,-0.0015082333863475923,-0.3960740202493196,0.0
2024-08-10 00:14,開倉,1.0,59770.715422139816,0.0015037032658560179,59770.71542213981,0.0015037032658560179,,,,
2024-08-10 02:44,平倉,,,,,,60061.253990419886,-0.0015037032658560179,0.3465694902030813,0.0
2024-08-10 21:59,開倉,1.0,60431.34375851346,0.0014915147470368753,60431.34375851346,0.0014915147470368753,,,,
2024-08-11 00:29,平倉,,,,,,60615.23841128406,-0.0014915147470368753,0.18387306452298824,0.0
2024-08-11 02:14,開倉,-1.0,61048.83970224403,-0.0014764874090584077,61048.83970224403,-0.0014764874090584077,,,,
2024-08-11 04:44,平倉,,,,,,60989.97975,0.0014764874090584077,-0.003144958793506139,0.0
2024-08-11 11:29,開倉,-1.0,61266.50488952688,-0.0014697199907160096,61266.50488952688,-0.0014697199907160096,,,,
2024-08-11 13:59,平倉,,,,,,61111.540499999996,0.0014697199907160096,0.13793740840045987,0.0
2024-08-11 17:29,開倉,-1.0,61367.96395972432,-0.0014680701466903423,61367.96395972433,-0.0014680701466903423,,,,
2024-08-11 19:59,平倉,,,,,,60676.33401713581,0.0014680701466903423,0.9262841566901968,0.0
2024-08-11 20:14,開倉,1.0,60317.40740346579,0.001509004234298591,60317.40740346579,0.001509004234298591,,,,
2024-08-11 22:44,平倉,,,,,,60462.091927431764,-0.001509004234298591,0.12709200656908587,0.0
2024-08-12 03:29,開倉,1.0,59744.32459674153,0.0015240830758089493,59744.32459674153,0.0015240830758089493,,,,
2024-08-12 05:59,平倉,,,,,,59018.774783173685,-0.0015240830758089493,-1.1957477073171023,0.0
2024-08-12 14:44,開倉,1.0,58391.23000158855,0.001537351886032657,58391.23000158855,0.001537351886032657,,,,
2024-08-12 17:14,平倉,,,,,,58602.877786538265,-0.001537351886032657,0.2352838766750055,0.0
2024-08-12 19:44,開倉,-1.0,59568.300950000004,-0.001507909179601015,59568.30095,-0.001507909179601015,,,,
2024-08-12 22:14,平倉,,,,,,59407.196503694904,0.001507909179601015,0.1533502165157057,0.0
2024-08-13 02:59,開倉,1.0,58521.94634999999,0.0015374918358270215,58521.94634999999,0.0015374918358270215,,,,
2024-08-13 05:29,平倉,,,,,,58702.43147443345,-0.0015374918358270215,0.1872398961695273,0.0
2024-08-13 17:44,開倉,1.0,58734.60871315255,0.0015335817879134329,58734.60871315255,0.0015335817879134329,,,,
2024-08-13 20:14,平倉,,,,,,58804.457186418265,-0.0015335817879134329,0.01693690192463436,0.0
2024-08-13 22:59,開倉,-1.0,59577.29645,-0.001509151999721524,59577.29645000001,-0.001509151999721524,,,,
2024-08-14 00:59,平倉,,,,,,60829.641620999995,0.001509151999721524,-1.9817803944508987,0.0
2024-08-14 00:59,開倉,-1.0,60958.17564246128,-0.0014409968704772362,60958.17564246128,-0.0014409968704772362,,,,
2024-08-14 03:29,平倉,,,,,,60711.21543252751,0.0014409968704772362,0.26838421820582486,0.0
2024-08-14 11:44,開倉,-1.0,60981.78137309158,-0.0014433982044293652,60981.78137309158,-0.0014433982044293652,,,,
2024-08-14 14:14,平倉,,,,,,60679.434731098,0.0014433982044293652,0.34882201303212484,0.0
2024-08-14 18:44,開倉,-1.0,61157.29878576394,-0.001443518044589637,61157.29878576394,-0.001443518044589637,,,,
2024-08-14 21:14,平倉,,,,,,60739.210007669935,0.001443518044589637,0.5158405497589348,0.0
2024-08-14 21:44,開倉,1.0,60118.52252311198,0.0014770449958012187,60118.52252311198,0.0014770449958012187,,,,
2024-08-15 00:14,平倉,,,,,,59212.866288144054,-0.0014770449958012187,-1.4251550776134925,0.0
2024-08-15 09:59,開倉,1.0,58125.74004798107,0.0015016248044118564,58125.74004798107,0.0015016248044118564,,,,
2024-08-15 12:29,平倉,,,,,,58213.10027875528,-0.0015016248044118564,0.04376805412940589,0.0
2024-08-15 15:29,開倉,1.0,57811.93255143546,0.0015090226606215905,57811.93255143546,0.0015090226606215905,,,,
2024-08-15 17:59,平倉,,,,,,58360.705050000004,-0.0015090226606215905,0.7400425094495282,0.0
2024-08-15 20:44,開倉,-1.0,59085.97445675857,-0.001486051431919182,59085.97445675857,-0.001486051431919182,,,,
2024-08-15 23:14,平倉,,,,,,59337.653999999995,0.001486051431919182,-0.46218755131210576,0.0
2024-08-16 02:14,開倉,1.0,57904.5378,0.0015083857266309222,57904.5378,0.0015083857266309222,,,,
2024-08-16 04:44,平倉,,,,,,56788.491550000006,-0.0015083857266309222,-1.7690871838508748,0.0
2024-08-16 20:29,開倉,1.0,58078.00071641415,0.001471900194449429,58078.00071641415,0.001471900194449429,,,,
2024-08-16 22:59,平倉,,,,,,57941.11495,-0.001471900194449429,-0.28676572456386373,0.0
2024-08-17 01:59,開倉,-1.0,59046.916796837824,-0.0014399992114938088,59046.916796837824,-0.0014399992114938088,,,,
2024-08-17 04:29,平倉,,,,,,59428.51767063075,0.0014399992114938088,-0.6350819759531108,0.0
2024-08-17 22:59,開倉,-1.0,59470.25,-0.0014176460363585172,59470.25,-0.0014176460363585172,,,,
2024-08-18 01:29,平倉,,,,,,59450.778149908045,0.0014176460363585172,-0.056675968899219054,0.0
2024-08-18 05:29,開倉,1.0,59224.82723767143,0.0014225632025881862,59224.82723767144,0.0014225632025881862,,,,
2024-08-18 07:59,平倉,,,,,,59438.6658,-0.0014225632025881862,0.2196436112849598,0.0
2024-08-18 10:59,開倉,-1.0,59982.919943516645,-0.0014054363456632117,59982.919943516645,-0.0014054363456632117,,,,
2024-08-18 13:29,平倉,,,,,,59437.83686173767,0.0014054363456632117,0.6825434783051983,0.0
2024-08-18 18:29,開倉,-1.0,59946.87416142364,-0.0014162559629190032,59946.87416142364,-0.0014162559629190032,,,,
2024-08-18 20:59,平倉,,,,,,59941.14015285028,0.0014162559629190032,-0.07677117333218889,0.0
2024-08-19 01:14,開倉,1.0,59597.787664341246,0.0014232627044735064,59597.78766434125,0.0014232627044735064,,,,
2024-08-19 03:44,平倉,,,,,,59608.584135141595,-0.0014232627044735064,-0.06947246043595429,0.0
2024-08-19 07:14,開倉,1.0,59223.9972,0.001429638989902828,59223.9972,0.001429638989902828,,,,
2024-08-19 09:44,平倉,,,,,,58534.1183,-0.001429638989902828,-1.069960431512533,0.0
2024-08-19 17:59,開倉,1.0,58168.944458460595,0.0014357098900586614,58168.944458460595,0.0014357098900586614,,,,
2024-08-19 20:29,平倉,,,,,,58484.98397704121,-0.0014357098900586614,0.36977359255980224,0.0
2024-08-20 11:29,開倉,-1.0,60489.740000000005,-0.001383976416400577,60489.740000000005,-0.001383976416400577,,,,
2024-08-20 13:59,平倉,,,,,,61119.444449999995,0.001383976416400577,-0.9560839778047879,0.0
2024-08-20 22:29,開倉,1.0,60003.342169075666,0.001379253364956744,60003.342169075666,0.001379253364956744,,,,
2024-08-21 00:59,平倉,,,,,,58744.50143731265,-0.001379253364956744,-1.8172838665088737,0.0
2024-08-21 08:59,開倉,1.0,58865.929339942195,0.0013736098079494723,58865.929339942195,0.0013736098079494723,,,,
2024-08-21 11:29,平倉,,,,,,59187.11660879436,-0.0013736098079494723,0.35988597880574424,0.0
2024-08-21 21:44,開倉,1.0,59013.851051175865,0.0013748973016442269,59013.851051175865,0.0013748973016442269,,,,
2024-08-22 00:14,平倉,,,,,,59245.1950775531,-0.0013748973016442269,0.23661821877005826,0.0
2024-08-22 02:29,開倉,-1.0,60292.80809115203,-0.0013469647906488044,60292.80809115203,-0.0013469647906488044,,,,
2024-08-22 04:59,平倉,,,,,,61193.127824785755,0.0013469647906488044,-1.295123970140596,0.0
2024-08-22 10:44,開倉,1.0,60559.36455,0.0013196393111148438,60559.36455,0.0013196393111148438,,,,
2024-08-22 13:14,平倉,,,,,,60685.2422,-0.0013196393111148438,0.08603046411911285,0.0
2024-08-22 16:29,開倉,-1.0,61164.80310198881,-0.001305370873055618,61164.80310198881,-0.001305370873055618,,,,
2024-08-22 18:59,平倉,,,,,,61337.95365,0.001305370873055618,-0.3060944601349785,0.0
2024-08-22 21:44,開倉,1.0,60613.39154999999,0.0013121936077857325,60613.39155,0.0013121936077857325,,,,
2024-08-23 00:14,平倉,,,,,,60255.75705000001,-0.0013121936077857325,-0.5483529240569373,0.0
2024-08-23 13:29,開倉,-1.0,60945.7119,-0.001293436900476723,60945.71190000001,-0.001293436900476723,,,,
2024-08-23 15:59,平倉,,,,,,61095.18847621406,0.001293436900476723,-0.27236129064889203,0.0
2024-08-23 16:59,開倉,-1.0,61293.586044245836,-0.0012803691647711361,61293.58604424584,-0.0012803691647711361,,,,
2024-08-23 19:29,平倉,,,,,,60838.2039,0.0012803691647711361,0.5051618953661199,0.0
2024-08-23 22:14,開倉,-1.0,62036.3663,-0.0012719134341908857,62036.3663,-0.0012719134341908857,,,,
2024-08-24 00:44,平倉,,,,,,61590.07965,0.0012719134341908857,0.4893007359153265,0.0
2024-08-24 01:44,開倉,-1.0,62190.889,-0.001275348843391555,62190.888999999996,-0.001275348843391555,,,,
2024-08-24 03:14,平倉,,,,,,63498.17322,0.001275348843391555,-1.7482257397346366,0.0
2024-08-24 03:14,開倉,-1.0,63435.36645,-0.0012215339115135095,63435.36645,-0.0012215339115135095,,,,
2024-08-24 05:44,平倉,,,,,,64308.43815,0.0012215339115135095,-1.1450416267294439,0.0
2024-08-24 14:44,開倉,-1.0,64128.41975,-0.0011892782138135094,64128.41975000001,-0.0011892782138135094,,,,
2024-08-24 17:14,平倉,,,,,,64113.086616856905,0.0011892782138135094,-0.05801293593717141,0.0
2024-08-25 00:14,開倉,1.0,63849.33586770706,0.001193567474680309,63849.33586770706,0.001193567474680309,,,,
2024-08-25 02:44,平倉,,,,,,64024.37210049968,-0.001193567474680309,0.1325001462258558,0.0
2024-08-25 05:59,開倉,1.0,63601.70255068594,0.0011991001390621345,63601.702550685935,0.0011991001390621345,,,,
2024-08-25 08:29,平倉,,,,,,64128.57852709174,-0.0011991001390621345,0.5548804691470058,0.0
2024-08-25 15:14,開倉,1.0,63905.736899999996,0.0012008885127137829,63905.7369,0.0012008885127137829,,,,
2024-08-25 17:44,平倉,,,,,,63692.455792864086,-0.0012008885127137829,-0.33261437004658173,0.0
2024-08-26 05:29,開倉,-1.0,64375.43212956624,-0.0011845793363714568,64375.432129566245,-0.0011845793363714568,,,,
2024-08-26 07:59,平倉,,,,,,64249.802123238296,0.0011845793363714568,0.07270972156316029,0.0
2024-08-26 14:59,開倉,1.0,63732.26865276177,0.0011976751240732359,63732.26865276177,0.0011976751240732359,,,,
2024-08-26 17:29,平倉,,,,,,63464.22970803156,-0.0011976751240732359,-0.3970331055759898,0.0
2024-08-26 22:44,開倉,1.0,63270.61949999999,0.0011989285552355612,63270.6195,0.0011989285552355612,,,,
2024-08-27 01:14,平倉,,,,,,63472.80787101446,-0.0011989285552355612,0.1663100497082598,0.0
2024-08-27 05:29,開倉,1.0,62961.00044216716,0.0012062618163062129,62961.00044216717,0.0012062618163062129,,,,
2024-08-27 07:59,平倉,,,,,,62776.1962,-0.0012062618163062129,-0.29864682926667174,0.0
2024-08-27 08:14,開倉,1.0,62714.409827466654,0.0012050287865352793,62714.409827466654,0.0012050287865352793,,,,
2024-08-27 10:44,平倉,,,,,,62785.08147900807,-0.0012050287865352793,0.009503543952228272,0.0
2024-08-27 17:44,開倉,1.0,62556.62042355233,0.0012070116080704599,62556.620423552326,0.0012070116080704599,,,,
2024-08-27 20:14,平倉,,,,,,62333.817500000005,-0.0012070116080704599,-0.34416335633753214,0.0
2024-08-27 22:14,開倉,1.0,61938.05355,0.0012122868406569938,61938.05355,0.0012122868406569938,,,,
2024-08-28 00:44,平倉,,,,,,61565.00413930984,-0.0012122868406569938,-0.526877335857598,0.0
2024-08-28 00:44,開倉,1.0,61626.59994135016,0.0012086407869383684,61626.59994135016,0.0012086407869383684,,,,
2024-08-28 03:14,平倉,,,,,,62116.626150000004,-0.0012086407869383684,0.5171889745310759,0.0
2024-08-28 05:29,開倉,1.0,61448.922195994724,0.0012193435698517599,61448.922195994724,0.0012193435698517599,,,,
2024-08-28 06:14,平倉,,,,,,60159.753903247176,-0.0012193435698517599,-1.645294477304283,0.0
2024-08-28 06:14,開倉,1.0,58106.63879999999,0.0012598606240090458,58106.63879999999,0.0012598606240090458,,,,
2024-08-28 08:44,平倉,,,,,,59130.156466902474,-0.0012598606240090458,1.2149938506838973,0.0
2024-08-28 15:44,開倉,1.0,58873.31658699984,0.0012628577597802951,58873.31658699984,0.0012628577597802951,,,,
2024-08-28 18:14,平倉,,,,,,59967.02850776936,-0.0012628577597802951,1.305472758825999,0.0
2024-08-28 23:14,開倉,1.0,58851.94125466483,0.0012842459021876543,58851.94125466483,0.0012842459021876543,,,,
2024-08-29 01:44,平倉,,,,,,59024.15869867928,-0.0012842459021876543,0.14536801282193879,0.0
2024-08-29 19:29,開倉,-1.0,59899.035500000005,-0.0012616993566382545,59899.035500000005,-0.0012616993566382545,,,,
2024-08-29 21:59,平倉,,,,,,60656.88124845223,0.0012616993566382545,-1.0327042413000607,0.0
2024-08-29 21:59,開倉,-1.0,60596.25468048777,-0.001228901856555416,60596.25468048777,-0.001228901856555416,,,,
2024-08-30 00:29,平倉,,,,,,60614.19195,0.001228901856555416,-0.09653203682607472,0.0
2024-08-30 02:29,開倉,1.0,59637.90405,0.0012470302365184774,59637.90405,0.0012470302365184774,,,,
2024-08-30 04:59,平倉,,,,,,59456.35695,-0.0012470302365184774,-0.30053859792212434,0.0
2024-08-30 11:14,開倉,1.0,59070.07348148244,0.0012526677031167953,59070.07348148244,0.0012526677031167953,,,,
2024-08-30 13:44,平倉,,,,,,58888.78651348186,-0.0012526677031167953,-0.3008604107514762,0.0
2024-08-30 13:59,開倉,1.0,58849.665183658064,0.0012509863909917025,58849.665183658064,0.0012509863909917025,,,,
2024-08-30 16:29,平倉,,,,,,59588.21301163868,-0.0012509863909917025,0.849369238359161,0.0
2024-08-30 22:44,開倉,1.0,58918.42657735315,0.0012626994908656413,58918.42657735316,0.0012626994908656413,,,,
2024-08-31 01:14,平倉,,,,,,58660.40177554557,-0.0012626994908656413,-0.3998782453291037,0.0
2024-08-31 15:29,開倉,1.0,59113.83487251307,0.0012504983943508905,59113.83487251307,0.0012504983943508905,,,,
2024-08-31 17:59,平倉,,,,,,58975.65557423335,-0.0012504983943508905,-0.24654195323269215,0.0
2024-09-01 10:14,開倉,1.0,58778.81417603815,0.0012521710872031592,58778.814176038155,0.0012521710872031592,,,,
2024-09-01 12:44,平倉,,,,,,58588.041626849,-0.0012521710872031592,-0.3122421221076969,0.0
2024-09-01 13:29,開倉,1.0,58118.97100272985,0.0012597452124969207,58118.97100272986,0.0012597452124969207,,,,
2024-09-01 15:59,平倉,,,,,,58439.691414811125,-0.0012597452124969207,0.3304068821898107,0.0
2024-09-01 21:44,開倉,1.0,57907.350666650455,0.001268792562821514,57907.35066665045,0.001268792562821514,,,,
2024-09-02 00:14,平倉,,,,,,58480.37998334962,-0.001268792562821514,0.6528558641127583,0.0
2024-09-02 06:29,開倉,1.0,57579.57040225237,0.001286082693587188,57579.57040225237,0.001286082693587188,,,,
2024-09-02 08:59,平倉,,,,,,57589.17778237212,-0.001286082693587188,-0.06170855958110179,0.0
2024-09-02 17:59,開倉,-1.0,58516.24521905098,-0.0012619124975019424,58516.24521905099,-0.0012619124975019424,,,,
2024-09-02 20:29,平倉,,,,,,58511.61860182655,0.0012619124975019424,-0.06799815666603864,0.0
2024-09-03 04:59,開倉,-1.0,59044.351361926965,-0.001248224594415419,59044.351361926965,-0.001248224594415419,,,,
2024-09-03 07:29,平倉,,,,,,59094.3324,0.001248224594415419,-0.13615056006941462,0.0
2024-09-03 10:14,開倉,-1.0,59709.43035000001,-0.0012308083472654986,59709.43035,-0.0012308083472654986,,,,
2024-09-03 12:44,平倉,,,,,,59227.446881428725,0.0012308083472654986,0.5203316403526201,0.0
2024-09-03 21:44,開倉,1.0,58651.32863363241,0.0012618888409522276,58651.328633632416,0.0012618888409522276,,,,
2024-09-04 00:14,平倉,,,,,,57826.13673662562,-0.0012618888409522276,-1.1142706031403973,0.0
2024-09-04 07:59,開倉,1.0,57516.9766854946,0.0012661058543935542,57516.97668549459,0.0012661058543935542,,,,
2024-09-04 10:29,平倉,,,,,,56699.10173296715,-0.0012661058543935542,-1.1073033301998072,0.0
2024-09-04 22:59,開倉,-1.0,57435.8677,-0.0012460899737143675,57435.867699999995,-0.0012460899737143675,,,,
2024-09-05 01:29,平倉,,,,,,57992.981999999996,0.0012460899737143675,-0.7664790168588975,0.0
2024-09-05 10:14,開倉,1.0,57792.5462356217,0.0012251302502821351,57792.5462356217,0.0012251302502821351,,,,
2024-09-05 12:44,平倉,,,,,,57124.40490514208,-0.0012251302502821351,-0.8885449919129933,0.0
2024-09-05 18:29,開倉,1.0,56866.042298743494,0.0012282122290914375,56866.042298743494,0.0012282122290914375,,,,
2024-09-05 20:59,平倉,,,,,,56704.669343049514,-0.0012282122290914375,-0.2678456059616964,0.0
2024-09-05 23:14,開倉,1.0,56532.85542266055,0.0012294746131709957,56532.85542266054,0.0012294746131709957,,,,
2024-09-06 01:44,平倉,,,,,,56517.71647046741,-0.0012294746131709957,-0.08810005498630376,0.0
2024-09-06 15:29,開倉,1.0,55597.10050366286,0.001247331701753715,55597.10050366286,0.001247331701753715,,,,
2024-09-06 17:59,平倉,,,,,,55987.62362555936,-0.001247331701753715,0.4172767323553171,0.0
2024-09-06 20:59,開倉,-1.0,56911.654703547036,-0.0012234131606120007,56911.65470354703,-0.0012234131606120007,,,,
2024-09-06 23:29,平倉,,,,,,54242.86473210684,0.0012234131606120007,3.198671339386694,0.0
2024-09-06 23:29,開倉,1.0,54242.86473210684,0.0013426049381549388,54242.86473210684,0.0013426049381549388,,,,
2024-09-07 01:59,平倉,,,,,,54031.9276366424,-0.0013426049381549388,-0.3557487188736034,0.0
2024-09-07 04:59,開倉,1.0,52948.97086520519,0.0013673154949253494,52948.97086520519,0.0013673154949253494,,,,
2024-09-07 07:29,平倉,,,,,,53768.47691145063,-0.0013673154949253494,1.0470048435968309,0.0
2024-09-07 21:14,開倉,-1.0,54650.56267716601,-0.0013412433932614583,54650.56267716602,-0.0013412433932614583,,,,
2024-09-07 23:44,平倉,,,,,,54771.54510498924,0.0013412433932614583,-0.23572885502942234,0.0
2024-09-08 00:14,開倉,-1.0,54841.346911958695,-0.0013309452847514978,54841.34691195869,-0.0013309452847514978,,,,
2024-09-08 02:44,平倉,,,,,,54486.025669465664,0.0013309452847514978,0.40039521331850986,0.0
2024-09-08 05:14,開倉,1.0,54079.15083008385,0.0013571113152584379,54079.15083008384,0.0013571113152584379,,,,
2024-09-08 07:44,平倉,,,,,,54028.75626897947,-0.0013571113152584379,-0.14171406558419197,0.0
2024-09-08 17:14,開倉,-1.0,54779.686562566196,-0.001334492389566627,54779.686562566196,-0.001334492389566627,,,,
2024-09-08 19:44,平倉,,,,,,54689.48935091589,0.001334492389566627,0.047384785179385755,0.0
2024-09-08 20:59,開倉,1.0,54286.21529319516,0.0013474964670380364,54286.21529319516,0.0013474964670380364,,,,
2024-09-08 23:29,平倉,,,,,,53947.97229283364,-0.0013474964670380364,-0.5284759500559465,0.0
2024-09-08 23:29,開倉,1.0,54001.94725260636,0.001343443334191178,54001.94725260636,0.001343443334191178,,,,
2024-09-09 01:59,平倉,,,,,,54601.85907747785,-0.001343443334191178,0.7325930386139816,0.0
2024-09-09 06:29,開倉,-1.0,55212.91677014067,-0.0013246131975732287,55212.91677014066,-0.0013246131975732287,,,,
2024-09-09 08:59,平倉,,,,,,55219.24862262811,0.0013246131975732287,-0.08153140085557166,0.0
2024-09-09 09:14,開倉,-1.0,55280.4432109702,-0.0013201986844825343,55280.4432109702,-0.0013201986844825343,,,,
2024-09-09 11:44,平倉,,,,,,55317.370303970616,0.0013201986844825343,-0.12178101910524486,0.0
2024-09-09 22:44,開倉,1.0,54966.14464222229,0.0013255309606962497,54966.144642222294,0.0013255309606962497,,,,
2024-09-10 01:14,平倉,,,,,,56637.74264094061,-0.0013255309606962497,2.140679819724505,0.0
2024-09-10 01:14,開倉,-1.0,56637.74264094061,-0.0013216149989561004,56637.7426409406,-0.0013216149989561004,,,,
2024-09-10 03:44,平倉,,,,,,57042.20418778956,0.0013216149989561004,-0.6099302794446666,0.0
2024-09-10 16:14,開倉,-1.0,57422.40881578851,-0.0012916359751012126,57422.40881578851,-0.0012916359751012126,,,,
2024-09-10 18:44,平倉,,,,,,57252.42032018799,0.0012916359751012126,0.14561397052380337,0.0
2024-09-10 21:59,開倉,1.0,56805.15090299086,0.0013082358662581995,56805.15090299086,0.0013082358662581995,,,,
2024-09-11 00:29,平倉,,,,,,56919.351947579744,-0.0013082358662581995,0.07493796479332857,0.0
2024-09-11 02:44,開倉,-1.0,57771.00005,-0.0012850890837171926,57771.00005,-0.0012850890837171926,,,,
2024-09-11 05:14,平倉,,,,,,57661.71645,0.0012850890837171926,0.06633871903102828,0.0
2024-09-11 09:44,開倉,1.0,57111.5415,0.0013010899631669096,57111.5415,0.0013010899631669096,,,,
2024-09-11 12:14,平倉,,,,,,56605.8829,-0.0013010899631669096,-0.7315566753464257,0.0
2024-09-11 21:59,開倉,1.0,55825.54937641557,0.0013166191356274353,55825.54937641557,0.0013166191356274353,,,,
2024-09-12 00:29,平倉,,,,,,56822.07475,-0.0013166191356274353,1.2372313450576378,0.0
2024-09-12 01:14,開倉,-1.0,57588.091550000005,-0.001295244707666941,57588.091550000005,-0.001295244707666941,,,,
2024-09-12 03:44,平倉,,,,,,57545.95859999999,0.001295244707666941,-0.019963617818357156,0.0
2024-09-12 09:59,開倉,-1.0,57985.73173278883,-0.0012847326672808558,57985.73173278883,-0.0012847326672808558,,,,
2024-09-12 12:29,平倉,,,,,,58330.425673407946,0.0012847326672808558,-0.5177785690861707,0.0
2024-09-12 20:44,開倉,1.0,57758.263411295964,0.0012808232447496413,57758.263411295964,0.0012808232447496413,,,,
2024-09-12 23:14,平倉,,,,,,57809.76037361327,-0.0012808232447496413,-0.008085578489924583,0.0
2024-09-13 09:14,開倉,1.0,57779.57114741975,0.001278929908086807,57779.57114741975,0.001278929908086807,,,,
2024-09-13 11:44,平倉,,,,,,57782.68471404535,-0.001278929908086807,-0.06991797017204975,0.0
2024-09-13 20:29,開倉,1.0,57650.28437623971,0.0012793022014732066,57650.28437623971,0.0012793022014732066,,,,
2024-09-13 22:59,平倉,,,,,,58391.68955,-0.0012793022014732066,0.8737806539861132,0.0
2024-09-13 23:29,開倉,-1.0,58961.804350000006,-0.001263157560476009,58961.80435000001,-0.001263157560476009,,,,
2024-09-14 01:59,平倉,,,,,,59478.871026746754,0.001263157560476009,-0.7282678676288631,0.0
2024-09-14 06:14,開倉,-1.0,60319.92495,-0.0012214157173018024,60319.92495,-0.0012214157173018024,,,,
2024-09-14 08:44,平倉,,,,,,60346.472151917456,0.0012214157173018024,-0.10613329924243259,0.0
2024-09-14 13:59,開倉,1.0,59911.47731976574,0.0012279703546662414,59911.47731976574,0.0012279703546662414,,,,
2024-09-14 16:29,平倉,,,,,,59934.11795,-0.0012279703546662414,-0.0457952973370403,0.0
2024-09-14 19:14,開倉,1.0,59769.970049999996,0.0012288795442542398,59769.97004999999,0.0012288795442542398,,,,
2024-09-14 21:44,平倉,,,,,,59681.444350000005,-0.0012288795442542398,-0.1821287280040304,0.0
2024-09-15 02:14,開倉,1.0,59628.799499999994,0.0012275005963211386,59628.79949999999,0.0012275005963211386,,,,
2024-09-15 04:44,平倉,,,,,,59907.73115,-0.0012275005963211386,0.2688519909969838,0.0
2024-09-15 09:59,開倉,-1.0,60146.61906358136,-0.0012189677500221688,60146.61906358136,-0.0012189677500221688,,,,
2024-09-15 12:29,平倉,,,,,,60132.25831762701,0.0012189677500221688,-0.05579399744057674,0.0
2024-09-15 16:14,開倉,1.0,60013.50049534048,0.0012207414403524318,60013.50049534047,0.0012207414403524318,,,,
2024-09-15 18:44,平倉,,,,,,59855.243230388354,-0.0012207414403524318,-0.2662589773975933,0.0
2024-09-15 22:59,開倉,-1.0,60212.67860000001,-0.0012098513832924686,60212.67860000001,-0.0012098513832924686,,,,
2024-09-16 01:29,平倉,,,,,,59800.99760457427,0.0012098513832924686,0.42572250211688006,0.0
2024-09-16 07:14,開倉,1.0,58866.74711186382,0.0012447490556646793,58866.74711186382,0.0012447490556646793,,,,
2024-09-16 09:44,平倉,,,,,,58655.469637308335,-0.0012447490556646793,-0.33599877737676637,0.0
2024-09-16 20:59,開倉,1.0,58539.255,0.0012447177562430038,58539.25499999999,0.0012447177562430038,,,,
2024-09-16 23:29,平倉,,,,,,57874.54825,-0.0012447177562430038,-0.8994097722608846,0.0
2024-09-17 08:59,開倉,1.0,57507.132312557995,0.001250142138635731,57507.132312557995,0.001250142138635731,,,,
2024-09-17 11:29,平倉,,,,,,57953.34028195617,-0.001250142138635731,0.485373472378569,0.0
2024-09-17 13:59,開倉,-1.0,58578.2792878603,-0.0012331107833004316,58578.27928786031,-0.0012331107833004316,,,,
2024-09-17 16:29,平倉,,,,,,58667.919299999994,0.0012331107833004316,-0.18288010950725953,0.0
2024-09-17 22:14,開倉,-1.0,59666.17664683043,-0.0012063538480525861,59666.17664683043,-0.0012063538480525861,,,,
2024-09-17 23:14,平倉,,,,,,60920.390124919366,0.0012063538480525861,-1.5865168026240708,0.0
2024-09-17 23:14,開倉,-1.0,60981.39405,-0.0011531526429532464,60981.39405,-0.0011531526429532464,,,,
2024-09-18 01:44,平倉,,,,,,60715.42755735743,0.0011531526429532464,0.23668580817198825,0.0
2024-09-18 17:29,開倉,1.0,59938.40562996212,0.0011771694483165476,59938.40562996212,0.0011771694483165476,,,,
2024-09-18 19:59,平倉,,,,,,59786.092000000004,-0.0011771694483165476,-0.2496773126902399,0.0
2024-09-19 02:29,開倉,-1.0,60455.757000000005,-0.0011606349190965313,60455.757000000005,-0.0011606349190965313,,,,
2024-09-19 04:59,平倉,,,,,,60251.61075,0.0011606349190965313,0.16700914298435438,0.0
2024-09-19 07:29,開倉,-1.0,61139.514950000004,-0.0011492380394477455,61139.514950000004,-0.0011492380394477455,,,,
2024-09-19 09:59,平倉,,,,,,61892.365328185435,0.0011492380394477455,-0.9363333532098654,0.0
2024-09-19 17:44,開倉,-1.0,62153.793042337464,-0.001114296634090354,62153.79304233747,-0.001114296634090354,,,,
2024-09-19 20:14,平倉,,,,,,62966.56754999999,0.001114296634090354,-0.9758353324439802,0.0
2024-09-19 20:14,開倉,-1.0,62903.632450000005,-0.001084407834300601,62903.63245000001,-0.001084407834300601,,,,
2024-09-19 22:44,平倉,,,,,,63230.85577085139,0.001084407834300601,-0.4234115680645371,0.0
2024-09-20 01:44,開倉,-1.0,63793.81143971907,-0.0010615733933881473,63793.811439719066,-0.0010615733933881473,,,,
2024-09-20 04:14,平倉,,,,,,63234.07244264351,0.0010615733933881473,0.5270764176764849,0.0
2024-09-20 11:59,開倉,-1.0,63685.141500000005,-0.0010705941167566228,63685.1415,-0.0010705941167566228,,,,
2024-09-20 14:29,平倉,,,,,,63750.80381260021,0.0010705941167566228,-0.13854892106269312,0.0
2024-09-20 21:14,開倉,1.0,62940.37230637372,0.0010810600119274029,62940.37230637372,0.0010810600119274029,,,,
2024-09-20 23:44,平倉,,,,,,63246.33063886817,-0.0010810600119274029,0.2623862396209158,0.0
2024-09-21 12:14,開倉,1.0,62871.61350096212,0.0010853349696066572,62871.613500962114,0.0010853349696066572,,,,
2024-09-21 14:44,平倉,,,,,,63024.491607211494,-0.0010853349696066572,0.09752127011670617,0.0
2024-09-22 05:44,開倉,1.0,63068.71859999999,0.0010824075927845383,63068.71859999999,0.0010824075927845383,,,,
2024-09-22 08:14,平倉,,,,,,63230.428940874575,-0.0010824075927845383,0.1065954044137981,0.0
2024-09-22 10:14,開倉,1.0,62898.673786383144,0.0010859435386668646,62898.67378638314,0.0010859435386668646,,,,
2024-09-22 12:44,平倉,,,,,,63118.425,-0.0010859435386668646,0.17009436474185863,0.0
2024-09-22 17:44,開倉,1.0,62710.98416403093,0.0010908176637993883,62710.98416403093,0.0010908176637993883,,,,
2024-09-22 20:14,平倉,,,,,,62841.29683036152,-0.0010908176637993883,0.07359896165158279,0.0
2024-09-23 04:14,開倉,-1.0,63209.07965,-0.001081222312864587,63209.07965,-0.001081222312864587,,,,
2024-09-23 06:44,平倉,,,,,,63511.84004999999,0.001081222312864587,-0.3960217185249455,0.0
2024-09-23 06:44,開倉,-1.0,63448.359950000005,-0.0010698296180276549,63448.359950000005,-0.0010698296180276549,,,,
2024-09-23 09:14,平倉,,,,,,63642.26229137142,0.0010698296180276549,-0.2755288449616444,0.0
2024-09-23 11:14,開倉,-1.0,64163.00057196949,-0.001052564531147129,64163.00057196948,-0.001052564531147129,,,,
2024-09-23 13:44,平倉,,,,,,63840.765658624,0.001052564531147129,0.27197651491118235,0.0
2024-09-24 08:59,開倉,1.0,62947.41733096565,0.0010772135539345224,62947.41733096564,0.0010772135539345224,,,,
2024-09-24 11:29,平倉,,,,,,63021.614018065826,-0.0010772135539345224,0.012037940190268645,0.0
2024-09-24 16:14,開倉,-1.0,63549.90915,-0.0010650573089593272,63549.90914999999,-0.0010650573089593272,,,,
2024-09-24 18:44,平倉,,,,,,63669.6189,0.0010650573089593272,-0.19530953715930344,0.0
2024-09-24 22:14,開倉,1.0,63257.312849999995,0.0010668946404496277,63257.312849999995,0.0010668946404496277,,,,
2024-09-25 00:44,平倉,,,,,,63207.80305457702,-0.0010668946404496277,-0.12025780170004947,0.0
2024-09-25 03:59,開倉,-1.0,64258.354750000006,-0.001046304100589155,64258.354750000006,-0.001046304100589155,,,,
2024-09-25 06:29,平倉,,,,,,64418.09295,0.001046304100589155,-0.23453564848644104,0.0
2024-09-25 14:29,開倉,1.0,63948.95849999999,0.0010476969249240198,63948.95849999999,0.0010476969249240198,,,,
2024-09-25 16:59,平倉,,,,,,63763.202450000004,-0.0010476969249240198,-0.26142055350119375,0.0
2024-09-25 21:14,開倉,1.0,63519.38187797947,0.0010496094469260356,63519.381877979475,0.0010496094469260356,,,,
2024-09-25 23:44,平倉,,,,,,63718.025050000004,-0.0010496094469260356,0.1416187088881512,0.0
2024-09-26 01:29,開倉,1.0,63202.02826062955,0.001056066249115875,63202.02826062955,0.001056066249115875,,,,
2024-09-26 03:59,平倉,,,,,,63147.252348575275,-0.001056066249115875,-0.12453467391479381,0.0
2024-09-26 07:44,開倉,1.0,62989.26691891245,0.0010565951365088496,62989.26691891244,0.0010565951365088496,,,,
2024-09-26 10:14,平倉,,,,,,63247.445992282475,-0.0010565951365088496,0.2059638094390862,0.0
2024-09-26 18:29,開倉,-1.0,64157.5052,-0.0010384906945801926,64157.50519999999,-0.0010384906945801926,,,,
2024-09-26 20:59,平倉,,,,,,64482.12495,0.0010384906945801926,-0.4040786763792862,0.0
2024-09-26 23:44,開倉,-1.0,65264.05165,-0.0010136744527718517,65264.05165000001,-0.0010136744527718517,,,,
2024-09-27 02:14,平倉,,,,,,65128.565662056615,0.0010136744527718517,0.07131952152947216,0.0
2024-09-27 14:14,開倉,-1.0,65419.590406447634,-0.0010113432668885144,65419.59040644763,-0.0010113432668885144,,,,
2024-09-27 16:44,平倉,,,,,,65507.718435632574,0.0010113432668885144,-0.15537847890945633,0.0
2024-09-27 20:44,開倉,-1.0,65667.74997199394,-0.001004149417897956,65667.74997199394,-0.001004149417897956,,,,
2024-09-27 23:14,平倉,,,,,,66306.03644999999,0.001004149417897956,-0.7075161632462978,0.0
2024-09-27 23:14,開倉,-1.0,66239.76355,-0.000983807304684876,66239.76355,-0.000983807304684876,,,,
2024-09-28 01:44,平倉,,,,,,65621.5637696925,0.000983807304684876,0.5436304858396425,0.0
2024-09-28 16:14,開倉,1.0,65473.830488746884,0.0010036233571177017,65473.830488746884,0.0010036233571177017,,,,
2024-09-28 18:44,平倉,,,,,,65586.51824077764,-0.0010036233571177017,0.04727189838068856,0.0
2024-09-29 00:44,開倉,1.0,65379.478470143804,0.001004789556431064,65379.478470143804,0.001004789556431064,,,,
2024-09-29 03:14,平倉,,,,,,65579.03693808024,-0.001004789556431064,0.13462113304372839,0.0
2024-09-29 16:14,開倉,1.0,65359.52595080977,0.0010061514246803576,65359.525950809766,0.0010061514246803576,,,,
2024-09-29 18:44,平倉,,,,,,65363.634118647606,-0.0010061514246803576,-0.0616322746678946,0.0
2024-09-30 03:59,開倉,-1.0,65825.2634369234,-0.000996099640998541,65825.2634369234,-0.000996099640998541,,,,
2024-09-30 06:29,平倉,,,,,,65744.96554977751,0.000996099640998541,0.014496159977368417,0.0
2024-09-30 07:29,開倉,1.0,65552.35979999999,0.0010004677925051825,65552.35979999999,0.0010004677925051825,,,,
2024-09-30 09:59,平倉,,,,,,64706.14159563447,-0.0010004677925051825,-0.9113504695429827,0.0
2024-09-30 09:59,開倉,1.0,64770.88010648552,0.0009974482766855251,64770.88010648553,0.0009974482766855251,,,,
2024-09-30 12:29,平倉,,,,,,64248.36994047222,-0.0009974482766855251,-0.5852612905176197,0.0
2024-09-30 17:14,開倉,1.0,64089.92895,0.0009979011049428366,64089.92895,0.0009979011049428366,,,,
2024-09-30 19:44,平倉,,,,,,63616.40553660429,-0.0009979011049428366,-0.5360124188213544,0.0
2024-10-01 02:29,開倉,1.0,63202.75907468397,0.0010024110344043322,63202.75907468397,0.0010024110344043322,,,,
2024-10-01 04:59,平倉,,,,,,63745.111500000006,-0.0010024110344043322,0.47976125251581125,0.0
2024-10-01 07:44,開倉,1.0,63012.467423957736,0.0010120498374498596,63012.467423957736,0.0010120498374498596,,,,
2024-10-01 10:14,平倉,,,,,,63183.09265,-0.0010120498374498596,0.10873679363490539,0.0
2024-10-01 21:14,開倉,1.0,63493.49451999908,0.0010050910792501646,63493.49451999908,0.0010050910792501646,,,,
2024-10-01 23:14,平倉,,,,,,62161.43210123369,-0.0010050910792501646,-1.4013219549838611,0.0
2024-10-01 23:14,開倉,1.0,62194.38165,0.0010025161760444,62194.38165,0.0010025161760444,,,,
2024-10-02 01:44,平倉,,,,,,61761.20395,-0.0010025161760444,-0.49618425736356075,0.0
2024-10-02 04:14,開倉,1.0,61314.74204999999,0.0010077847055806333,61314.74204999999,0.0010077847055806333,,,,
2024-10-02 06:44,平倉,,,,,,60614.8774,-0.0010077847055806333,-0.7663996366209039,0.0
2024-10-02 17:44,開倉,1.0,61288.68261263292,0.0009946934878367311,61288.68261263292,0.0009946934878367311,,,,
2024-10-02 20:14,平倉,,,,,,60800.621462979274,-0.0009946934878367311,-0.5459492294522396,0.0
2024-10-02 20:14,開倉,1.0,60861.45249996073,0.0009916989301832818,60861.45249996073,0.0009916989301832818,,,,
2024-10-02 22:44,平倉,,,,,,61371.299000000006,-0.0009916989301832818,0.44475237708438153,0.0
2024-10-03 03:29,開倉,1.0,60180.14116742718,0.0010093167695044993,60180.14116742718,0.0010093167695044993,,,,
2024-10-03 05:59,平倉,,,,,,60757.134391312306,-0.0010093167695044993,0.5210457421495308,0.0
2024-10-03 16:14,開倉,1.0,60393.52920830726,0.0010133761272548762,60393.52920830726,0.0010133761272548762,,,,
2024-10-03 18:44,平倉,,,,,,60763.46057852636,-0.0010133761272548762,0.3133033789430493,0.0
2024-10-04 08:59,開倉,1.0,60373.79275715334,0.0010178851783715238,60373.79275715334,0.0010178851783715238,,,,
2024-10-04 11:29,平倉,,,,,,60778.78943764268,-0.0010178851783715238,0.3503742894318278,0.0
2024-10-04 20:59,開倉,-1.0,61825.20533348991,-0.0009976665963302464,61825.20533348991,-0.0009976665963302464,,,,
2024-10-04 23:29,平倉,,,,,,61561.66545,0.0009976665963302464,0.20150692132472509,0.0
2024-10-06 00:14,開倉,1.0,61951.664421194575,0.0009988843793117509,61951.664421194575,0.0009988843793117509,,,,
2024-10-06 02:44,平倉,,,,,,61740.953773973095,-0.0009988843793117509,-0.272147648352836,0.0
2024-10-06 20:59,開倉,-1.0,62160.20435000001,-0.000989167196255006,62160.20435000001,-0.000989167196255006,,,,
2024-10-06 23:29,平倉,,,,,,62481.12495,0.000989167196255006,-0.37924840930811493,0.0
2024-10-06 23:59,開倉,-1.0,62658.75495,-0.0009742664090197706,62658.75495,-0.0009742664090197706,,,,
2024-10-07 02:29,平倉,,,,,,62632.12961655097,0.0009742664090197706,-0.0350802120024355,0.0
2024-10-07 05:59,開倉,1.0,62287.1576440346,0.0009795152764976143,62287.1576440346,0.0009795152764976143,,,,
2024-10-07 08:29,平倉,,,,,,62554.39360076801,-0.0009795152764976143,0.20048871790582987,0.0
2024-10-07 08:44,開倉,-1.0,63109.50516983616,-0.0009679944297168363,63109.505169836164,-0.0009679944297168363,,,,
2024-10-07 11:14,平倉,,,,,,63652.87897521049,0.0009679944297168363,-0.5875984491398346,0.0
2024-10-07 17:14,開倉,1.0,63282.44000303787,0.0009560591726646215,63282.44000303787,0.0009560591726646215,,,,
2024-10-07 19:44,平倉,,,,,,62762.40660547638,-0.0009560591726646215,-0.5571872743642777,0.0
2024-10-07 22:14,開倉,-1.0,63832.37037638618,-0.0009372032586632431,63832.37037638618,-0.0009372032586632431,,,,
2024-10-08 00:44,平倉,,,,,,63638.75822358311,0.0009372032586632431,0.12181148893941934,0.0
2024-10-08 06:59,開倉,1.0,62485.747475947916,0.0009593512177744203,62485.747475947916,0.0009593512177744203,,,,
2024-10-08 09:29,平倉,,,,,,62378.795000000006,-0.0009593512177744203,-0.16244816099116777,0.0
2024-10-08 14:29,開倉,1.0,62246.178139692194,0.0009594689117245077,62246.178139692194,0.0009594689117245077,,,,
2024-10-08 16:59,平倉,,,,,,62275.398861581176,-0.0009594689117245077,-0.03171493494230522,0.0
2024-10-08 21:59,開倉,-1.0,62966.9468307731,-0.000946086635645219,62966.9468307731,-0.000946086635645219,,,,
2024-10-09 00:29,平倉,,,,,,62250.85144525723,0.000946086635645219,0.6185935754738848,0.0
2024-10-09 03:14,開倉,1.0,61921.64534999999,0.000972052493613845,61921.64534999999,0.000972052493613845,,,,
2024-10-09 05:44,平倉,,,,,,62367.4031921533,-0.000972052493613845,0.37267563221989974,0.0
2024-10-09 16:14,開倉,1.0,62074.86620797291,0.0009746896651077841,62074.86620797291,0.0009746896651077841,,,,
2024-10-09 18:44,平倉,,,,,,62051.05895,-0.0009746896651077841,-0.08368521416831143,0.0
2024-10-09 21:59,開倉,1.0,61791.52182162043,0.000976824453213964,61791.52182162043,0.000976824453213964,,,,
2024-10-10 00:29,平倉,,,,,,61767.101,-0.000976824453213964,-0.08419047038734691,0.0
2024-10-10 02:14,開倉,1.0,61452.36674284744,0.0009798621353960734,61452.36674284744,0.0009798621353960734,,,,
2024-10-10 04:44,平倉,,,,,,61061.75385000001,-0.0009798621353960734,-0.442578883817209,0.0
2024-10-10 04:59,開倉,1.0,60430.6002,0.0009881053965405523,60430.6002,0.0009881053965405523,,,,
2024-10-10 07:29,平倉,,,,,,60606.764830873726,-0.0009881053965405523,0.11418335104965197,0.0
2024-10-10 16:59,開倉,1.0,60827.09834999999,0.0009825604472296003,60827.09834999999,0.0009825604472296003,,,,
2024-10-10 19:29,平倉,,,,,,61138.2156,-0.0009825604472296003,0.24561951183809771,0.0
2024-10-10 22:44,開倉,1.0,60590.28,0.0009894697152074549,60590.28,0.0009894697152074549,,,,
2024-10-11 01:14,平倉,,,,,,60134.81755000001,-0.0009894697152074549,-0.5101678814844324,0.0
2024-10-11 01:14,開倉,1.0,60194.982449999996,0.0009864915561130008,60194.982449999996,0.0009864915561130008,,,,
2024-10-11 03:44,平倉,,,,,,59624.472850000006,-0.0009864915561130008,-0.6216219420856101,0.0
2024-10-11 18:14,開倉,-1.0,61094.40266636553,-0.0009598559589756696,61094.40266636553,-0.0009598559589756696,,,,
2024-10-11 20:44,平倉,,,,,,61197.783599999995,0.0009598559589756696,-0.15797186245807188,0.0
2024-10-11 20:59,開倉,-1.0,61319.22505000001,-0.0009528059271730312,61319.22505000001,-0.0009528059271730312,,,,
2024-10-11 23:29,平倉,,,,,,62150.95995,0.0009528059271730312,-0.8516997455765112,0.0
2024-10-11 23:29,開倉,-1.0,62088.840050000006,-0.0009263444288355089,62088.840050000006,-0.0009263444288355089,,,,
2024-10-12 01:59,平倉,,,,,,62809.91290722269,0.0009263444288355089,-0.7261454369699879,0.0
2024-10-12 01:59,開倉,-1.0,62747.1343835773,-0.0009041429919152749,62747.1343835773,-0.0009041429919152749,,,,
2024-10-12 04:29,平倉,,,,,,62948.51032933171,0.0009041429919152749,-0.2389871045599296,0.0
2024-10-12 18:14,開倉,-1.0,62893.63745,-0.0008973373536220071,62893.63745,-0.0008973373536220071,,,,
2024-10-12 20:44,平倉,,,,,,62891.42999999999,0.0008973373536220071,-0.054454002020442746,0.0
2024-10-12 23:14,開倉,-1.0,63376.196050000006,-0.000888756005138014,63376.196050000006,-0.000888756005138014,,,,
2024-10-13 01:44,平倉,,,,,,63030.85211016697,0.000888756005138014,0.2509074520427561,0.0
2024-10-13 07:14,開倉,-1.0,63267.75030000001,-0.0008933533868474454,63267.75030000001,-0.0008933533868474454,,,,
2024-10-13 09:44,平倉,,,,,,62915.559688975074,0.0008933533868474454,0.25842484684144656,0.0
2024-10-13 09:59,開倉,1.0,62767.614133295145,0.0009045909083233267,62767.614133295145,0.0009045909083233267,,,,
2024-10-13 12:29,平倉,,,,,,62735.78542704423,-0.0009045909083233267,-0.08554217942209577,0.0
2024-10-13 19:29,開倉,1.0,62550.36116782851,0.0009054563342498324,62550.36116782851,0.0009054563342498324,,,,
2024-10-13 21:59,平倉,,,,,,62579.34576054696,-0.0009054563342498324,-0.030418581939524993,0.0
2024-10-13 22:44,開倉,1.0,62491.33005,0.0009049178814646655,62491.33005,0.0009049178814646655,,,,
2024-10-14 01:14,平倉,,,,,,62762.50305000001,-0.0009049178814646655,0.18859438537500095,0.0
2024-10-14 11:29,開倉,-1.0,63183.05631735542,-0.0008962051359769005,63183.05631735542,-0.0008962051359769005,,,,
2024-10-14 13:59,平倉,,,,,,63921.27205957793,0.0008962051359769005,-0.7188793119567869,0.0
2024-10-14 22:14,開倉,-1.0,65375.77792194849,-0.0008542898427246393,65375.77792194849,-0.0008542898427246393,,,,
2024-10-15 00:44,平倉,,,,,,65644.84840672277,0.0008542898427246393,-0.2859439093407256,0.0
2024-10-15 06:44,開倉,-1.0,66138.57943428654,-0.0008392717327501763,66138.57943428654,-0.0008392717327501763,,,,
2024-10-15 09:14,平倉,,,,,,65836.53265044751,0.0008392717327501763,0.19824458680839793,0.0
2024-10-15 11:59,開倉,1.0,65336.220114575204,0.0008526141210609706,65336.22011457521,0.0008526141210609706,,,,
2024-10-15 14:29,平倉,,,,,,65406.01444253528,-0.0008526141210609706,0.0037415380726893085,0.0
2024-10-15 21:44,開倉,-1.0,66345.26547440913,-0.000838024622873435,66345.26547440913,-0.000838024622873435,,,,
2024-10-16 00:14,平倉,,,,,,66288.72470850502,0.000838024622873435,-0.008169029500840246,0.0
2024-10-16 09:29,開倉,-1.0,67282.31560768277,-0.0008254060441508727,67282.31560768277,-0.0008254060441508727,,,,
2024-10-16 11:59,平倉,,,,,,67027.8107019726,0.0008254060441508727,0.15474472735961475,0.0
2024-10-16 18:14,開倉,-1.0,67440.80036924098,-0.0008249366786143017,67440.80036924098,-0.0008249366786143017,,,,
2024-10-16 20:44,平倉,,,,,,67847.18595573804,0.0008249366786143017,-0.39121200819725793,0.0
2024-10-17 12:44,開倉,1.0,67269.047098692,0.0008212243913364454,67269.047098692,0.0008212243913364454,,,,
2024-10-17 15:14,平倉,,,,,,67124.32105,-0.0008212243913364454,-0.1739766909457737,0.0
2024-10-17 16:14,開倉,1.0,67057.15999858725,0.0008203993127284731,67057.15999858725,0.0008203993127284731,,,,
2024-10-17 18:44,平倉,,,,,,66831.20827022474,-0.0008203993127284731,-0.24019891999211374,0.0
2024-10-17 18:44,開倉,1.0,66898.07291081524,0.000817935187386625,66898.07291081524,0.000817935187386625,,,,
2024-10-17 21:14,平倉,,,,,,67017.6828613672,-0.000817935187386625,0.04301706632858632,0.0
2024-10-18 09:59,開倉,-1.0,67890.0060633863,-0.0008050065784040683,67890.0060633863,-0.0008050065784040683,,,,
2024-10-18 12:29,平倉,,,,,,67763.41753871116,0.0008050065784040683,0.04735459822015113,0.0
2024-10-18 22:44,開倉,-1.0,68424.39554142307,-0.0007986129420934369,68424.39554142307,-0.0007986129420934369,,,,
2024-10-19 01:14,平倉,,,,,,68729.67607345461,0.0007986129420934369,-0.298689392667707,0.0
2024-10-19 16:14,開倉,1.0,68207.31990837585,0.0007967732669104802,68207.31990837585,0.0007967732669104802,,,,
2024-10-19 18:44,平倉,,,,,,68121.38746274234,-0.0007967732669104802,-0.12274597587618775,0.0
2024-10-19 19:44,開倉,1.0,68094.60699009088,0.0007954901454623006,68094.60699009088,0.0007954901454623006,,,,
2024-10-19 22:14,平倉,,,,,,68120.41967045054,-0.0007954901454623006,-0.03365538969851561,0.0
2024-10-20 00:14,開倉,1.0,67994.2886780619,0.0007953715228244899,67994.2886780619,0.0007953715228244899,,,,
2024-10-20 02:44,平倉,,,,,,68004.63904540271,-0.0007953715228244899,-0.045856565883017036,0.0
2024-10-20 06:44,開倉,-1.0,68322.30965548028,-0.0007892997205293022,68322.30965548028,-0.0007892997205293022,,,,
2024-10-20 09:14,平倉,,,,,,68076.2010875888,0.0007892997205293022,0.14052089736348344,0.0
2024-10-20 14:59,開倉,-1.0,68340.05430299815,-0.0007903612499032677,68340.05430299815,-0.0007903612499032677,,,,
2024-10-20 17:29,平倉,,,,,,68264.48248680157,0.0007903612499032677,0.005775433404319061,0.0
2024-10-20 22:14,開倉,-1.0,68524.00045294364,-0.0007875359961806227,68524.00045294364,-0.0007875359961806227,,,,
2024-10-21 00:44,平倉,,,,,,68412.29275752284,0.0007875359961806227,0.034096688066467006,0.0
2024-10-21 04:59,開倉,-1.0,68669.62075626869,-0.0007855767640800288,68669.62075626869,-0.0007855767640800288,,,,
2024-10-21 07:29,平倉,,,,,,69139.45331003981,0.0007855767640800288,-0.42340388525253647,0.0
2024-10-21 16:14,開倉,1.0,68448.77308986348,0.0007819226039354123,68448.77308986348,0.0007819226039354123,,,,
2024-10-21 18:44,平倉,,,,,,68160.8604458576,-0.0007819226039354123,-0.27842192179330666,0.0
2024-10-21 21:44,開倉,1.0,67525.09322907765,0.0007877002579426206,67525.09322907765,0.0007877002579426206,,,,
2024-10-22 00:14,平倉,,,,,,67092.48373831915,-0.0007877002579426206,-0.39361537420558645,0.0
2024-10-22 08:29,開倉,1.0,66970.76865,0.0007875451649625117,66970.76865,0.0007875451649625117,,,,
2024-10-22 10:59,平倉,,,,,,67251.43422165,-0.0007875451649625117,0.16807327206633843,0.0
2024-10-22 16:29,開倉,1.0,67057.21184999999,0.000788250689497407,67057.21184999999,0.000788250689497407,,,,
2024-10-22 18:59,平倉,,,,,,67091.3062890383,-0.000788250689497407,-0.026009803361642304,0.0
2024-10-23 08:14,開倉,1.0,67184.65098453341,0.0007855810154911699,67184.65098453341,0.0007855810154911699,,,,
2024-10-23 10:44,平倉,,,,,,67112.42700000001,-0.0007855810154911699,-0.1094600396673016,0.0
2024-10-23 14:59,開倉,1.0,66944.22277257445,0.0007859776993613748,66944.22277257445,0.0007859776993613748,,,,
2024-10-23 17:29,平倉,,,,,,66348.23606783939,-0.0007859776993613748,-0.5205804929789123,0.0
2024-10-23 17:29,開倉,1.0,66414.6174946206,0.0007836103617818765,66414.6174946206,0.0007836103617818765,,,,
2024-10-23 19:59,平倉,,,,,,66395.83789053163,-0.0007836103617818765,-0.06674435890448549,0.0
2024-10-23 23:29,開倉,1.0,66180.07496720323,0.0007845916695195486,66180.07496720323,0.0007845916695195486,,,,
2024-10-24 01:59,平倉,,,,,,65792.25020710575,-0.0007845916695195486,-0.35590412743733485,0.0
2024-10-24 02:14,開倉,1.0,65660.59469891425,0.0007845847782295898,65660.59469891425,0.0007845847782295898,,,,
2024-10-24 04:44,平倉,,,,,,66577.99435000001,-0.0007845847782295898,0.6675417208629538,0.0
2024-10-24 08:59,開倉,-1.0,67304.17251540194,-0.0007738083395279089,67304.17251540194,-0.0007738083395279089,,,,
2024-10-24 11:29,平倉,,,,,,67382.26072291484,0.0007738083395279089,-0.112566261475907,0.0
2024-10-24 16:14,開倉,1.0,67064.78733378896,0.0007748911092077724,67064.78733378896,0.0007748911092077724,,,,
2024-10-24 18:44,平倉,,,,,,66939.31360000001,-0.0007748911092077724,-0.14909915971727333,0.0
2024-10-24 21:14,開倉,-1.0,67537.59042744225,-0.0007657217062150737,67537.59042744225,-0.0007657217062150737,,,,
2024-10-24 23:44,平倉,,,,,,67897.1316,0.0007657217062150737,-0.32729878756134484,0.0
2024-10-25 03:44,開倉,-1.0,68087.18943062218,-0.0007539769981021372,68087.18943062218,-0.0007539769981021372,,,,
2024-10-25 06:14,平倉,,,,,,68486.66468857467,0.0007539769981021372,-0.3528325256590174,0.0
2024-10-25 15:14,開倉,1.0,67493.62994999999,0.0007553774453203892,67493.62994999999,0.0007553774453203892,,,,
2024-10-25 17:44,平倉,,,,,,67489.03213603361,-0.0007553774453203892,-0.05445277765004408,0.0
2024-10-25 22:14,開倉,-1.0,68386.1898,-0.0007432322959256573,68386.1898,-0.0007432322959256573,,,,
2024-10-26 00:44,平倉,,,,,,67787.37675,0.0007432322959256573,0.3946754303250632,0.0
2024-10-26 01:29,開倉,1.0,67433.09969999999,0.0007595928092182163,67433.09969999999,0.0007595928092182163,,,,
2024-10-26 03:59,平倉,,,,,,66790.588,-0.0007595928092182163,-0.5387809175268193,0.0
2024-10-26 07:14,開倉,1.0,65828.70757827672,0.0007691386004918841,65828.70757827672,0.0007691386004918841,,,,
2024-10-26 09:44,平倉,,,,,,66565.00085000001,-0.0007691386004918841,0.5151138649693322,0.0
2024-10-26 21:59,開倉,1.0,66896.61489119977,0.0007638071793054178,66896.61489119977,0.0007638071793054178,,,,
2024-10-27 00:29,平倉,,,,,,66930.84538590517,-0.0007638071793054178,-0.02497676261558028,0.0
2024-10-27 04:29,開倉,-1.0,67306.7298,-0.0007572646814998084,67306.7298,-0.0007572646814998084,,,,
2024-10-27 06:59,平倉,,,,,,67139.553,0.0007572646814998084,0.07575467398757349,0.0
2024-10-27 09:14,開倉,1.0,66958.96274999999,0.0007623296385197344,66958.96274999999,0.0007623296385197344,,,,
2024-10-27 11:44,平倉,,,,,,67117.92425000001,-0.0007623296385197344,0.07001507990187215,0.0
2024-10-27 18:44,開倉,1.0,67088.5275,0.0007611402952917082,67088.5275,0.0007611402952917082,,,,
2024-10-27 21:14,平倉,,,,,,67545.01060000001,-0.0007611402952917082,0.2960364522161181,0.0
2024-10-27 21:14,開倉,-1.0,67545.01060000001,-0.0007588657266978633,67545.01060000001,-0.0007588657266978633,,,,
2024-10-27 23:44,平倉,,,,,,67795.78094999999,0.0007588657266978633,-0.241748918464681,0.0
2024-10-28 05:29,開倉,-1.0,67853.27807742587,-0.0007511020099407238,67853.27807742587,-0.0007511020099407238,,,,
2024-10-28 07:59,平倉,,,,,,68052.88171253819,0.0007511020099407238,-0.20103734776088297,0.0
2024-10-28 15:14,開倉,-1.0,68408.87845,-0.0007413198200847885,68408.87845,-0.0007413198200847885,,,,
2024-10-28 17:44,平倉,,,,,,68218.32230167328,0.0007413198200847885,0.09069145517845394,0.0
2024-10-29 03:14,開倉,-1.0,69529.31795000001,-0.0007299484241980977,69529.31795000001,-0.0007299484241980977,,,,
2024-10-29 05:44,平倉,,,,,,69697.02095732119,0.0007299484241980977,-0.17328977654647507,0.0
2024-10-29 09:59,開倉,-1.0,70251.85650000001,-0.000719253383742929,70251.85650000001,-0.000719253383742929,,,,
2024-10-29 12:29,平倉,,,,,,71122.44344999999,0.000719253383742929,-0.6773276677414012,0.0
2024-10-29 19:44,開倉,-1.0,71491.13655,-0.000696609332012096,71491.13655,-0.000696609332012096,,,,
2024-10-29 22:14,平倉,,,,,,71635.19438894579,0.000696609332012096,-0.1502537798709766,0.0
2024-10-29 22:44,開倉,-1.0,71774.49207342397,-0.0006910733367639608,71774.49207342397,-0.0006910733367639608,,,,
2024-10-30 01:14,平倉,,,,,,72767.3655,0.0006910733367639608,-0.7364359379717713,0.0
2024-10-30 01:29,開倉,-1.0,73046.97897381292,-0.0006682794286702017,73046.97897381292,-0.0006682794286702017,,,,
2024-10-30 03:59,平倉,,,,,,72558.16094999999,0.0006682794286702017,0.278177903332374,0.0
2024-10-30 19:29,開倉,1.0,72156.03748472799,0.0006803881156803951,72156.03748472799,0.0006803881156803951,,,,
2024-10-30 21:59,平倉,,,,,,71919.77263954261,-0.0006803881156803951,-0.20968515140357824,0.0
2024-10-31 04:59,開倉,-1.0,72787.49502408122,-0.000670257863872278,72787.49502408122,-0.000670257863872278,,,,
2024-10-31 07:29,平倉,,,,,,72652.08256178722,0.000670257863872278,0.042065638055125844,0.0
2024-10-31 21:29,開倉,1.0,71998.01426506421,0.0006781920045012237,71998.01426506421,0.0006781920045012237,,,,
2024-10-31 23:59,平倉,,,,,,70608.77795,-0.0006781920045012237,-0.9900552698925791,0.0
2024-11-01 09:59,開倉,1.0,69554.82322302571,0.0006870706043190752,69554.82322302571,0.0006870706043190752,,,,
2024-11-01 12:29,平倉,,,,,,69529.80821372553,-0.0006870706043190752,-0.06495896490452031,0.0
2024-11-01 21:59,開倉,-1.0,71181.49145000002,-0.0006691151955065066,71181.49145000002,-0.0006691151955065066,,,,
2024-11-02 00:29,平倉,,,,,,70456.80290933663,0.0006691151955065066,0.4377563971138589,0.0
2024-11-02 18:14,開倉,1.0,69537.25937781188,0.0006912350772135007,69537.25937781188,0.0006912350772135007,,,,
2024-11-02 20:44,平倉,,,,,,69545.29588011846,-0.0006912350772135007,-0.04251703567511247,0.0
2024-11-02 20:59,開倉,1.0,69492.62626904018,0.0006903748859505439,69492.62626904018,0.0006903748859505439,,,,
2024-11-02 23:29,平倉,,,,,,69313.60142931646,-0.0006903748859505439,-0.17144662298816035,0.0
2024-11-03 07:14,開倉,1.0,69330.92817657828,0.0006888185820193475,69330.92817657828,0.0006888185820193475,,,,
2024-11-03 09:44,平倉,,,,,,69269.10234575857,-0.0006888185820193475,-0.09030062597295986,0.0
2024-11-03 09:59,開倉,1.0,69203.10761539685,0.0006880949019685778,69203.10761539685,0.0006880949019685778,,,,
2024-11-03 12:29,平倉,,,,,,68596.03440925798,-0.0006880949019685778,-0.4649245598381475,0.0
2024-11-03 21:44,開倉,1.0,68309.46925634527,0.0006895897000303572,68309.46925634527,0.0006895897000303572,,,,
2024-11-04 00:14,平倉,,,,,,68596.35357493532,-0.0006895897000303572,0.1505291323150085,0.0
2024-11-04 05:29,開倉,-1.0,69273.5459,-0.000680805287929882,69273.5459,-0.000680805287929882,,,,
2024-11-04 07:59,平倉,,,,,,68796.88124999999,0.000680805287929882,0.27767853374116647,0.0
2024-11-04 16:14,開倉,1.0,68560.89430476463,0.000691933998647987,68560.89430476463,0.000691933998647987,,,,
2024-11-04 18:44,平倉,,,,,,68803.7213127885,-0.000691933998647987,0.12041262863186553,0.0
2024-11-04 22:44,開倉,1.0,68409.08744999999,0.0006945367204802543,68409.08744999999,0.0006945367204802543,,,,
2024-11-05 01:14,平倉,,,,,,67423.60365131128,-0.0006945367204802543,-0.7312828541906249,0.0
2024-11-05 01:14,開倉,1.0,67491.06098362873,0.0006924389347609766,67491.06098362873,0.0006924389347609766,,,,
2024-11-05 03:44,平倉,,,,,,67808.36855278119,-0.0006924389347609766,0.17276296068695493,0.0
2024-11-05 05:44,開倉,1.0,67047.95856976205,0.0006988957145012897,67047.95856976205,0.0006988957145012897,,,,
2024-11-05 08:14,平倉,,,,,,67917.15218080766,-0.0006988957145012897,0.5600086832313831,0.0
2024-11-05 13:59,開倉,-1.0,68693.53605,-0.0006889380005261417,68693.53605,-0.0006889380005261417,,,,
2024-11-05 16:29,平倉,,,,,,68669.17939705304,0.0006889380005261417,-0.030528583370793318,0.0
2024-11-05 22:29,開倉,-1.0,69270.2760473342,-0.0006820785887934244,69270.2760473342,-0.0006820785887934244,,,,
2024-11-06 00:59,平倉,,,,,,70186.34534655586,0.0006820785887934244,-0.672703858236631,0.0
2024-11-06 01:14,開倉,-1.0,70373.78207952359,-0.0006611578787191778,70373.78207952359,-0.0006611578787191778,,,,
2024-11-06 03:44,平倉,,,,,,69982.70625055218,0.0006611578787191778,0.21229324788944168,0.0
2024-11-06 08:44,開倉,-1.0,71135.01470000001,-0.0006564117946547932,71135.01470000001,-0.0006564117946547932,,,,
2024-11-06 10:44,平倉,,,,,,72630.309006,0.0006564117946547932,-1.029204210419502,0.0
2024-11-06 10:44,開倉,-1.0,72780.9913,-0.000626791442698818,72780.9913,-0.000626791442698818,,,,
2024-11-06 11:44,平倉,,,,,,74310.88487399998,0.000626791442698818,-1.005501627161503,0.0
2024-11-06 11:44,開倉,-1.0,74344.00265472433,-0.0005994822228677829,74344.00265472433,-0.0005994822228677829,,,,
2024-11-06 14:14,平倉,,,,,,74922.77036627122,0.0005994822228677829,-0.39187582316481,0.0
2024-11-07 02:29,開倉,-1.0,74758.81421894745,-0.0005903207925399361,74758.81421894745,-0.0005903207925399361,,,,
2024-11-07 04:59,平倉,,,,,,76056.55670526577,0.0005903207925399361,-0.8109821398682925,0.0
2024-11-07 04:59,開倉,-1.0,75980.53815783423,-0.0005695800167111145,75980.53815783423,-0.0005695800167111145,,,,
2024-11-07 07:29,平倉,,,,,,75841.18923936778,0.0005695800167111145,0.03617273347444666,0.0
2024-11-07 14:14,開倉,1.0,74415.4841123124,0.0005820453571054328,74415.4841123124,0.0005820453571054328,,,,
2024-11-07 16:44,平倉,,,,,,74992.08196287938,-0.0005820453571054328,0.29195730871331727,0.0
2024-11-07 21:59,開倉,1.0,74696.41604728201,0.0005831866878392148,74696.41604728201,0.0005831866878392148,,,,
2024-11-08 00:29,平倉,,,,,,75370.04957766281,-0.0005831866878392148,0.34889929782474177,0.0
2024-11-08 01:14,開倉,-1.0,75860.36499126583,-0.0005776877024178582,75860.36499126583,-0.0005776877024178582,,,,
2024-11-08 03:44,平倉,,,,,,76057.45855346452,0.0005776877024178582,-0.15779598559140276,0.0
2024-11-09 02:44,開倉,-1.0,76627.05422867893,-0.0005692778042915187,76627.05422867893,-0.0005692778042915187,,,,
2024-11-09 05:14,平倉,,,,,,76538.7426664001,0.0005692778042915187,0.006702004899285276,0.0
2024-11-10 00:14,開倉,1.0,76076.40289860337,0.00057348645421093,76076.40289860337,0.00057348645421093,,,,
2024-11-10 02:44,平倉,,,,,,76153.07556353544,-0.00057348645421093,0.0002979774646106881,0.0
2024-11-10 07:29,開倉,-1.0,76760.44455949926,-0.0005672435936318399,76760.44455949926,-0.0005672435936318399,,,,
2024-11-10 09:59,平倉,,,,,,76562.77008038323,0.0005672435936318399,0.06869984106427453,0.0
2024-11-10 10:29,開倉,-1.0,77105.0937244014,-0.0005650342112038519,77105.0937244014,-0.0005650342112038519,,,,
2024-11-10 12:59,平倉,,,,,,78725.88213775776,0.0005650342112038519,-0.9602837193841829,0.0
2024-11-10 12:59,開倉,-1.0,78991.20732709579,-0.0005388405677392016,78991.20732709579,-0.0005388405677392016,,,,
2024-11-10 15:29,平倉,,,,,,78965.58107163632,0.0005388405677392016,-0.028741392495684595,0.0
2024-11-10 19:44,開倉,-1.0,79705.62335627784,-0.0005331166836953415,79705.62335627784,-0.0005331166836953415,,,,
2024-11-10 22:14,平倉,,,,,,79792.0666711279,0.0005331166836953415,-0.08862285530941003,0.0
2024-11-11 01:44,開倉,-1.0,79980.8489401251,-0.0005296436392167159,79980.8489401251,-0.0005296436392167159,,,,
2024-11-11 04:14,平倉,,,,,,79349.4348489895,0.0005296436392167159,0.29239753363856236,0.0
2024-11-11 18:14,開倉,-1.0,81889.66590495971,-0.0005203496509240844,81889.66590495971,-0.0005203496509240844,,,,
2024-11-11 20:44,平倉,,,,,,82231.00433933233,0.0005203496509240844,-0.22040420957587534,0.0
2024-11-11 23:14,開倉,-1.0,82871.87577821779,-0.000511010215580967,82871.87577821779,-0.000511010215580967,,,,
2024-11-12 00:14,平倉,,,,,,84613.88489287547,0.000511010215580967,-0.9334230127854866,0.0
2024-11-12 00:14,開倉,-1.0,84793.58200000001,-0.00048792715944972846,84793.58200000001,-0.00048792715944972846,,,,
2024-11-12 02:44,平倉,,,,,,85306.632,0.00048792715944972846,-0.29195445178966084,0.0
2024-11-12 05:29,開倉,-1.0,88272.2418,-0.0004649245322010711,88272.2418,-0.0004649245322010711,,,,
2024-11-12 07:59,平倉,,,,,,88773.3645,0.0004649245322010711,-0.27425715183491195,0.0
2024-11-12 14:44,開倉,-1.0,89455.25,-0.00045525322763265424,89455.25,-0.00045525322763265424,,,,
2024-11-12 17:14,平倉,,,,,,88645.73858835471,0.00045525322763265424,0.3281764243487553,0.0
2024-11-12 18:44,開倉,1.0,86542.76173599999,0.0004743681734951608,86542.76173599999,0.0004743681734951608,,,,
2024-11-12 21:14,平倉,,,,,,86525.9154,-0.0004743681734951608,-0.049036506086694784,0.0
2024-11-13 03:14,開倉,-1.0,89310.7223,-0.00045819867482300465,89310.7223,-0.00045819867482300465,,,,
2024-11-13 05:44,平倉,,,,,,88544.14994999999,0.00045819867482300465,0.3106716227555381,0.0
2024-11-13 11:44,開倉,1.0,87320.28917421438,0.0004722027602529281,87320.28917421438,0.0004722027602529281,,,,
2024-11-13 14:14,平倉,,,,,,86704.2262,-0.0004722027602529281,-0.3318486118508926,0.0
2024-11-13 21:44,開倉,-1.0,89099.428,-0.0004581261099233224,89099.428,-0.0004581261099233224,,,,
2024-11-13 22:59,平倉,,,,,,90972.34344,0.0004581261099233224,-0.899708270553302,0.0
2024-11-13 22:59,開倉,-1.0,91501.92615,-0.00043582380440038707,91501.92615,-0.00043582380440038707,,,,
2024-11-14 01:29,平倉,,,,,,92473.4365086686,0.00043582380440038707,-0.4637094654345202,0.0
2024-11-14 05:14,開倉,1.0,88753.07634590245,0.00044409476129988134,88753.07634590245,0.00044409476129988134,,,,
2024-11-14 07:44,平倉,,,,,,90424.765,-0.00044409476129988134,0.7022310093809002,0.0
2024-11-14 14:59,開倉,1.0,89404.57994999998,0.00044827595989065095,89404.57994999998,0.00044827595989065095,,,,
2024-11-14 17:29,平倉,,,,,,90829.53470288552,-0.00044827595989065095,0.5980562627951503,0.0
2024-11-14 22:44,開倉,1.0,89834.55335609341,0.00045234466812228284,89834.55335609341,0.00045234466812228284,,,,
2024-11-15 01:14,平倉,,,,,,89002.71687639169,-0.00045234466812228284,-0.4165367007701189,0.0
2024-11-15 07:14,開倉,1.0,87052.00425,0.0004615491636465187,87052.00425,0.0004615491636465187,,,,
2024-11-15 09:44,平倉,,,,,,88120.31999744073,-0.0004615491636465187,0.4524083797465941,0.0
2024-11-15 17:29,開倉,-1.0,89361.46244327699,-0.00045378223936147775,89361.46244327699,-0.00045378223936147775,,,,
2024-11-15 19:59,平倉,,,,,,89917.89697980977,0.00045378223936147775,-0.29330325469608154,0.0
2024-11-15 20:14,開倉,-1.0,90713.32065000001,-0.00044334125660562746,90713.32065000001,-0.00044334125660562746,,,,
2024-11-15 22:44,平倉,,,,,,89425.8906,0.00044334125660562746,0.5311246694471687,0.0
2024-11-15 23:44,開倉,1.0,88301.02844999998,0.00046147081778050777,88301.02844999998,0.00046147081778050777,,,,
2024-11-16 02:14,平倉,,,,,,89628.57303577967,-0.00046147081778050777,0.5712621147445167,0.0
2024-11-16 04:14,開倉,-1.0,90927.71340000001,-0.0004535236485548197,90927.71340000001,-0.0004535236485548197,,,,
2024-11-16 06:44,平倉,,,,,,91540.6253175693,0.0004535236485548197,-0.3194858874837692,0.0
2024-11-16 16:14,開倉,1.0,90842.17887533254,0.00045043198239395264,90842.17887533254,0.00045043198239395264,,,,
2024-11-16 18:44,平倉,,,,,,91349.55233770865,-0.00045043198239395264,0.18739047452188146,0.0
2024-11-16 20:14,開倉,1.0,90579.15832640036,0.0004533578028596591,90579.15832640036,0.0004533578028596591,,,,
2024-11-16 22:44,平倉,,,,,,90871.13463053652,-0.0004533578028596591,0.09117259779078807,0.0
2024-11-16 23:14,開倉,1.0,90561.60339988362,0.00045399926175875043,90561.60339988362,0.00045399926175875043,,,,
2024-11-17 01:44,平倉,,,,,,90649.54137363099,-0.00045399926175875043,-0.0012310497005338789,0.0
2024-11-17 06:59,開倉,1.0,90428.69175,0.0004541980334850167,90428.69175,0.0004541980334850167,,,,
2024-11-17 09:29,平倉,,,,,,90588.6793200209,-0.0004541980334850167,0.0315208396823848,0.0
2024-11-17 09:44,開倉,1.0,90279.117,0.0004548446956270576,90279.11700000001,0.0004548446956270576,,,,
2024-11-17 12:14,平倉,,,,,,90295.52965,-0.0004548446956270576,-0.03360523590646213,0.0
2024-11-17 22:29,開倉,1.0,90175.06499999999,0.0004545410856741608,90175.06499999999,0.0004545410856741608,,,,
2024-11-18 00:59,平倉,,,,,,90643.34846750305,-0.0004545410856741608,0.17165294970054173,0.0
2024-11-18 04:29,開倉,1.0,89818.42965441148,0.0004578013901394458,89818.42965441148,0.0004578013901394458,,,,
2024-11-18 06:59,平倉,,,,,,89559.198,-0.0004578013901394458,-0.15967693710189454,0.0
2024-11-18 14:44,開倉,-1.0,91355.82541317187,-0.00044745048033050747,91355.82541317187,-0.00044745048033050747,,,,
2024-11-18 17:14,平倉,,,,,,91783.5786623337,0.00044745048033050747,-0.2324670031593116,0.0
2024-11-18 21:14,開倉,1.0,89862.60884999999,0.0004522974044023345,89862.60884999999,0.0004522974044023345,,,,
2024-11-18 23:44,平倉,,,,,,91869.6772370827,-0.0004522974044023345,0.8662394053778747,0.0
2024-11-19 17:29,開倉,1.0,91103.21955146306,0.0004552049040405596,91103.21955146306,0.0004552049040405596,,,,
2024-11-19 19:59,平倉,,,,,,91502.75159438135,-0.0004552049040405596,0.14021644399878153,0.0
2024-11-19 20:29,開倉,-1.0,92256.35429799462,-0.00045013570242534136,92256.35429799462,-0.00045013570242534136,,,,
2024-11-19 22:59,平倉,,,,,,91830.31779318019,0.00045013570242534136,0.15043813674970546,0.0
2024-11-20 02:29,開倉,-1.0,93403.94906555863,-0.00044577060246864383,93403.94906555863,-0.00044577060246864383,,,,
2024-11-20 04:59,平倉,,,,,,92548.35105,0.00044577060246864383,0.34014510866150827,0.0
2024-11-20 16:14,開倉,-1.0,92914.56248446702,-0.0004513296155782006,92914.56248446702,-0.0004513296155782006,,,,
2024-11-20 18:44,平倉,,,,,,93536.53690376387,0.0004513296155782006,-0.32293128480401384,0.0
2024-11-20 21:29,開倉,-1.0,94216.01688439069,-0.0004412244456625501,94216.01688439069,-0.0004412244456625501,,,,
2024-11-20 23:59,平倉,,,,,,94781.61540762174,0.0004412244456625501,-0.2913758605974053,0.0
2024-11-21 08:29,開倉,-1.0,94839.85635,-0.0004348132906578806,94839.85635000002,-0.0004348132906578806,,,,
2024-11-21 10:59,平倉,,,,,,94432.09244999998,0.0004348132906578806,0.13624083430861225,0.0
2024-11-21 11:29,開倉,-1.0,95701.36556490751,-0.00043189128476659627,95701.3655649075,-0.00043189128476659627,,,,
2024-11-21 13:29,平倉,,,,,,97713.05710119435,0.00043189128476659627,-0.9110334599309265,0.0
2024-11-21 13:29,開倉,-1.0,97666.87609687807,-0.00041345333729170573,97666.87609687806,-0.00041345333729170573,,,,
2024-11-21 15:59,平倉,,,,,,96988.47,0.00041345333729170573,0.2403890581929552,0.0
2024-11-21 19:14,開倉,-1.0,98345.19980269941,-0.0004126343157029467,98345.19980269941,-0.0004126343157029467,,,,
2024-11-21 21:44,平倉,,,,,,97638.7917575996,0.0004126343157029467,0.25119908427385895,0.0
2024-11-21 23:29,開倉,1.0,96257.40465,0.00042419519896355997,96257.40465000001,0.00042419519896355997,,,,
2024-11-22 01:59,平倉,,,,,,98211.50657214472,-0.00042419519896355997,0.7872598040883666,0.0
2024-11-22 03:14,開倉,-1.0,98851.48725625745,-0.00042019774520561095,98851.48725625745,-0.00042019774520561095,,,,
2024-11-22 05:44,平倉,,,,,,97959.75562114052,0.00042019774520561095,0.33354115397175,0.0
2024-11-22 15:44,開倉,-1.0,99400.37495000001,-0.0004208136041364707,99400.37495000001,-0.0004208136041364707,,,,
2024-11-22 18:14,平倉,,,,,,98761.11581176589,0.0004208136041364707,0.22744892084418566,0.0
2024-11-22 21:29,開倉,1.0,97758.19195997565,0.0004302104186645764,97758.19195997564,0.0004302104186645764,,,,
2024-11-22 23:59,平倉,,,,,,98657.54655,-0.0004302104186645764,0.344468210296594,0.0
2024-11-23 23:44,開倉,1.0,98543.74725,0.00042985127617427364,98543.74725,0.00042985127617427364,,,,
2024-11-24 02:14,平倉,,,,,,98059.09088212269,-0.00042985127617427364,-0.25048098359421905,0.0
2024-11-24 18:44,開倉,1.0,97807.09150215797,0.0004300932407779578,97807.09150215797,0.0004300932407779578,,,,
2024-11-24 21:14,平倉,,,,,,97263.95895325956,-0.0004300932407779578,-0.27543020944481356,0.0
2024-11-24 23:59,開倉,1.0,96046.39919999999,0.0004346702653756555,96046.39919999997,0.0004346702653756555,,,,
2024-11-25 02:29,平倉,,,,,,96349.337034129,-0.0004346702653756555,0.0897978768557978,0.0
2024-11-25 06:59,開倉,-1.0,98018.06645000001,-0.000425990973187394,98018.06645000001,-0.000425990973187394,,,,
2024-11-25 09:29,平倉,,,,,,97370.50874699153,0.000425990973187394,0.23437477831869427,0.0
2024-11-25 17:14,開倉,-1.0,98732.95886145177,-0.00042485645783859856,98732.95886145177,-0.00042485645783859856,,,,
2024-11-25 19:44,平倉,,,,,,98312.85407936912,0.00042485645783859856,0.13671537869252715,0.0
2024-11-25 21:14,開倉,1.0,97644.97827148068,0.00043099112382071153,97644.97827148068,0.00043099112382071153,,,,
2024-11-25 22:59,平倉,,,,,,95596.43444947332,-0.00043099112382071153,-0.9241054187595573,0.0
2024-11-25 22:59,開倉,1.0,95470.84686838037,0.00043068064898294417,95470.84686838037,0.00043068064898294417,,,,
2024-11-26 01:29,平倉,,,,,,95280.52345163729,-0.00043068064898294417,-0.12300409031514607,0.0
2024-11-26 05:44,開倉,1.0,94154.11133322214,0.0004349596858910968,94154.11133322214,0.0004349596858910968,,,,
2024-11-26 08:14,平倉,,,,,,93617.29529126255,-0.0004349596858910968,-0.27421308634590896,0.0
2024-11-26 15:14,開倉,1.0,94047.0,0.0004321022337623995,94047.0,0.0004321022337623995,,,,
2024-11-26 17:44,平倉,,,,,,93582.21873752293,-0.0004321022337623995,-0.24127010748417696,0.0
2024-11-26 18:59,開倉,1.0,92545.6517328359,0.0004360644616224346,92545.6517328359,0.0004360644616224346,,,,
2024-11-26 21:29,平倉,,,,,,92545.86228625728,-0.0004360644616224346,-0.04026414674890525,0.0
2024-11-27 21:59,開倉,-1.0,94281.73555,-0.0004267523731417991,94281.73555,-0.0004267523731417991,,,,
2024-11-28 00:29,平倉,,,,,,96154.67825534142,0.0004267523731417991,-0.8403169813972279,0.0
2024-11-28 00:29,開倉,-1.0,96058.57163039857,-0.00040969631405196345,96058.57163039857,-0.00040969631405196345,,,,
2024-11-28 02:59,平倉,,,,,,96346.57872041281,0.00040969631405196345,-0.1574682813729389,0.0
2024-11-28 11:29,開倉,1.0,95364.46742161855,0.00041102621116840643,95364.46742161855,0.00041102621116840643,,,,
2024-11-28 13:59,平倉,,,,,,95465.94211979536,-0.00041102621116840643,0.0024697562359504363,0.0
2024-11-28 17:59,開倉,1.0,95221.65163991379,0.0004112567798049807,95221.65163991379,0.0004112567798049807,,,,
2024-11-28 20:29,平倉,,,,,,95437.36815140663,-0.0004112567798049807,0.04946561316829781,0.0
2024-11-29 04:44,開倉,1.0,94899.08308526831,0.0004127633140757093,94899.0830852683,0.0004127633140757093,,,,
2024-11-29 07:14,平倉,,,,,,95700.126,-0.0004127633140757093,0.29113962703630125,0.0
2024-11-29 10:14,開倉,-1.0,96613.76945108933,-0.00040763911561467756,96613.76945108935,-0.00040763911561467756,,,,
2024-11-29 12:44,平倉,,,,,,96453.89299914704,0.00040763911561467756,0.02585351583761193,0.0
2024-11-29 15:59,開倉,1.0,95747.4498,0.00041159757330360504,95747.44979999999,0.00041159757330360504,,,,
2024-11-29 18:29,平倉,,,,,,96693.73058700109,-0.00041159757330360504,0.349687970730197,0.0
2024-11-29 18:44,開倉,-1.0,96935.87728074727,-0.00040934432937669136,96935.87728074727,-0.00040934432937669136,,,,
2024-11-29 21:14,平倉,,,,,,97070.67283464687,0.00040934432937669136,-0.09491312508763536,0.0
2024-11-29 22:59,開倉,-1.0,98028.66115,-0.0004034088116065377,98028.66115,-0.0004034088116065377,,,,
2024-11-30 01:29,平倉,,,,,,97275.12606406382,0.0004034088116065377,0.26474105051696406,0.0
2024-11-30 09:14,開倉,1.0,97078.80960677977,0.00041008433550110987,97078.80960677977,0.00041008433550110987,,,,
2024-11-30 11:44,平倉,,,,,,96670.34531576597,-0.00041008433550110987,-0.20714780167780747,0.0
2024-11-30 18:44,開倉,1.0,96620.55988283298,0.0004094720357329187,96620.55988283298,0.0004094720357329187,,,,
2024-11-30 21:14,平倉,,,,,,96685.03861161286,-0.0004094720357329187,-0.013187583250243686,0.0
2024-12-01 06:44,開倉,1.0,96717.73469999999,0.00040851494397933395,96717.73469999999,0.00040851494397933395,,,,
2024-12-01 09:14,平倉,,,,,,96443.72774362477,-0.00040851494397933395,-0.15133464046991524,0.0
2024-12-01 10:44,開倉,1.0,96105.33944283372,0.00040913126677091837,96105.33944283372,0.00040913126677091837,,,,
2024-12-01 13:14,平倉,,,,,,96452.77453124813,-0.00040913126677091837,0.10268471201611336,0.0
2024-12-01 16:29,開倉,-1.0,97167.46604195051,-0.00040490643785755015,97167.46604195051,-0.00040490643785755015,,,,
2024-12-01 18:59,平倉,,,,,,97041.63842421664,0.00040490643785755015,0.011655628342512998,0.0
2024-12-02 04:29,開倉,1.0,96985.31534723188,0.0004057871428863838,96985.31534723188,0.0004057871428863838,,,,
2024-12-02 06:59,平倉,,,,,,97596.67725000001,-0.0004057871428863838,0.2084793229773794,0.0
2024-12-02 09:29,開倉,-1.0,98095.42775,-0.00040251720761297946,98095.42775,-0.00040251720761297946,,,,
2024-12-02 11:59,平倉,,,,,,96664.85354633685,0.00040251720761297946,0.5369214668178663,0.0
2024-12-02 11:59,開倉,1.0,96664.85354633685,0.00041403143052167715,96664.85354633686,0.00041403143052167715,,,,
2024-12-02 14:29,平倉,,,,,,96256.54765000001,-0.00041403143052167715,-0.20890471047139036,0.0
2024-12-02 23:44,開倉,-1.0,97131.077048549,-0.00040907075244392936,97131.077048549,-0.00040907075244392936,,,,
2024-12-03 02:14,平倉,,,,,,95467.60994999998,0.00040907075244392936,0.6414227306328988,0.0
2024-12-03 15:44,開倉,1.0,95482.91759999999,0.0004228528750557971,95482.91759999999,0.0004228528750557971,,,,
2024-12-03 18:14,平倉,,,,,,95403.8742,-0.0004228528750557971,-0.07376553144110873,0.0
2024-12-03 18:59,開倉,1.0,94790.3715,0.0004247375314678448,94790.3715,0.0004247375314678448,,,,
2024-12-03 21:29,平倉,,,,,,94552.70000000001,-0.0004247375314678448,-0.14110808660187202,0.0
2024-12-03 21:59,開倉,1.0,93821.98755,0.0004271873752078996,93821.98755,0.0004271873752078996,,,,
2024-12-04 00:29,平倉,,,,,,95888.30528385972,-0.0004271873752078996,0.8417425756257216,0.0
2024-12-04 14:29,開倉,-1.0,96563.66210171713,-0.0004229414082488653,96563.66210171713,-0.0004229414082488653,,,,
2024-12-04 16:59,平倉,,,,,,96716.83829457128,0.0004229414082488653,-0.1056901105056189,0.0
2024-12-04 20:14,開倉,1.0,96132.8424,0.00042373685488386484,96132.84240000001,0.00042373685488386484,,,,
2024-12-04 22:44,平倉,,,,,,96351.9999,-0.00042373685488386484,0.05203721637480848,0.0
2024-12-05 00:29,開倉,1.0,95198.86641134298,0.00042801282898413315,95198.86641134298,0.00042801282898413315,,,,
2024-12-05 02:59,平倉,,,,,,96273.51996810576,-0.00042801282898413315,0.4187592073700856,0.0
2024-12-05 03:44,開倉,-1.0,96889.03239012965,-0.00042402564053937433,96889.03239012965,-0.00042402564053937433,,,,
2024-12-05 04:44,平倉,,,,,,98925.68928909575,0.00042402564053937433,-0.9055417749096455,0.0
2024-12-05 04:44,開倉,-1.0,98838.55600000001,-0.000406089321298252,98838.55600000001,-0.000406089321298252,,,,
2024-12-05 07:14,平倉,,,,,,98871.11085,0.000406089321298252,-0.05337067924254141,0.0
2024-12-05 10:44,開倉,-1.0,101247.77686172262,-0.00039550321160574634,101247.77686172262,-0.00039550321160574634,,,,
2024-12-05 11:44,平倉,,,,,,103376.05679355333,0.00039550321160574634,-0.8826271107000923,0.0
2024-12-05 11:44,開倉,-1.0,103326.81075,-0.00037862013776131416,103326.81075000002,-0.00037862013776131416,,,,
2024-12-05 14:14,平倉,,,,,,102075.01199999999,0.00037862013776131416,0.43530856006902474,0.0
2024-12-05 22:44,開倉,-1.0,103289.22955,-0.0003825916830635928,103289.22955,-0.0003825916830635928,,,,
2024-12-06 01:14,平倉,,,,,,100794.31878370514,0.0003825916830635928,0.915969041103525,0.0
2024-12-06 01:14,開倉,1.0,100794.31878370514,0.0004011538318757053,100794.31878370514,0.0004011538318757053,,,,
2024-12-06 03:44,平倉,,,,,,99750.1,-0.0004011538318757053,-0.45890750124488666,0.0
2024-12-06 03:59,開倉,1.0,99176.06324999999,0.00040266204065288105,99176.06324999999,0.00040266204065288105,,,,
2024-12-06 06:29,平倉,,,,,,97095.39801500001,-0.00040266204065288105,-0.8769015405433214,0.0
2024-12-06 06:29,開倉,1.0,94102.32764999999,0.00041462461760498684,94102.32764999999,0.00041462461760498684,,,,
2024-12-06 08:59,平倉,,,,,,97748.80685903406,-0.00041462461760498684,1.4713909859850127,0.0
2024-12-07 01:44,開倉,-1.0,100826.1223988704,-0.0004007870249379158,100826.12239887042,-0.0004007870249379158,,,,
2024-12-07 04:14,平倉,,,,,,101857.9713811436,0.0004007870249379158,-0.45437503710654353,0.0
2024-12-07 12:29,開倉,1.0,99388.74276476406,0.0004020093051415174,99388.74276476406,0.0004020093051415174,,,,
2024-12-07 14:59,平倉,,,,,,99342.5039,-0.0004020093051415174,-0.05852506485819059,0.0
2024-12-07 22:14,開倉,1.0,99299.52494999999,0.00040137825365642646,99299.52494999999,0.00040137825365642646,,,,
2024-12-08 00:44,平倉,,,,,,99955.4944036439,-0.00040137825365642646,0.22317191196845174,0.0
2024-12-08 03:14,開倉,-1.0,100292.3072611498,-0.00039883474454411184,100292.3072611498,-0.00039883474454411184,,,,
2024-12-08 05:44,平倉,,,,,,99900.26793755307,0.00039883474454411184,0.11651520563518787,0.0
2024-12-08 13:29,開倉,1.0,99706.48206034672,0.00040234726359318276,99706.48206034672,0.00040234726359318276,,,,
2024-12-08 15:59,平倉,,,,,,99691.72920000002,-0.00040234726359318276,-0.046046467437162605,0.0
2024-12-08 16:59,開倉,1.0,99304.82446528343,0.0004031065384368336,99304.82446528343,0.0004031065384368336,,,,
2024-12-08 19:29,平倉,,,,,,99655.67317177264,-0.0004031065384368336,0.10125755414004062,0.0
2024-12-08 21:44,開倉,-1.0,100349.70005,-0.0003991203772211142,100349.70005,-0.0003991203772211142,,,,
2024-12-09 00:14,平倉,,,,,,100039.39469999999,0.0003991203772211142,0.08392142739609779,0.0
2024-12-09 07:44,開倉,-1.0,100576.38665,-0.0003986567757684615,100576.38665,-0.0003986567757684615,,,,
2024-12-09 10:14,平倉,,,,,,99935.58414176056,0.0003986567757684615,0.21562026408058815,0.0
2024-12-09 15:14,開倉,1.0,98688.71969999999,0.00040846802174669054,98688.71969999999,0.00040846802174669054,,,,
2024-12-09 17:44,平倉,,,,,,98837.02002700069,-0.00040846802174669054,0.02020417914859745,0.0
2024-12-09 17:59,開倉,1.0,98679.61322501798,0.00040830185412500485,98679.613225018,0.00040830185412500485,,,,
2024-12-09 20:29,平倉,,,,,,98610.99500806468,-0.00040830185412500485,-0.06827999730769399,0.0
2024-12-09 22:59,開倉,-1.0,100158.99545000002,-0.00040078558245681007,100158.99545000003,-0.00040078558245681007,,,,
2024-12-10 01:29,平倉,,,,,,98127.60443158449,0.00040078558245681007,0.7748241034160004,0.0
2024-12-10 23:29,開倉,1.0,96894.52326775882,0.00042228901567691214,96894.52326775882,0.00042228901567691214,,,,
2024-12-11 00:44,平倉,,,,,,94861.72362419036,-0.00042228901567691214,-0.8984880244455782,0.0
2024-12-11 00:44,開倉,1.0,94897.54584259109,0.00042127135407145247,94897.54584259109,0.00042127135407145247,,,,
2024-12-11 03:14,平倉,,,,,,95760.78734203606,-0.00042127135407145247,0.32331763881132325,0.0
2024-12-11 16:44,開倉,-1.0,98491.93939500001,-0.00040836700540752813,98491.93939500001,-0.00040836700540752813,,,,
2024-12-11 19:14,平倉,,,,,,98485.28167728272,0.00040836700540752813,-0.037499347308211466,0.0
2024-12-11 22:59,開倉,-1.0,99410.4699,-0.00040381236546154777,99410.46990000001,-0.00040381236546154777,,,,
2024-12-12 01:29,平倉,,,,,,100551.35055,0.00040381236546154777,-0.5013055927017537,0.0
2024-12-12 10:59,開倉,-1.0,101722.28679042145,-0.0003893148709705689,101722.28679042144,-0.0003893148709705689,,,,
2024-12-12 13:29,平倉,,,,,,100947.37285083432,0.0003893148709705689,0.26238520696741324,0.0
2024-12-12 19:14,開倉,1.0,100352.10888844474,0.00039724641372943556,100352.10888844474,0.00039724641372943556,,,,
2024-12-12 21:44,平倉,,,,,,101010.33720993812,-0.00039724641372943556,0.22135284592214424,0.0
2024-12-12 22:59,開倉,-1.0,101652.13570953843,-0.0003935585620527962,101652.13570953843,-0.0003935585620527962,,,,
2024-12-13 01:29,平倉,,,,,,101550.75,0.0003935585620527962,-6.495308673597905e-05,0.0
2024-12-13 03:29,開倉,1.0,100058.86766786812,0.00039982466638218816,100058.86766786812,0.00039982466638218816,,,,
2024-12-13 05:59,平倉,,,,,,99740.37107783453,-0.00039982466638218816,-0.16722145344507774,0.0
2024-12-13 19:29,開倉,-1.0,101357.89570000001,-0.00039226242075984254,101357.89570000001,-0.00039226242075984254,,,,
2024-12-13 21:59,平倉,,,,,,99716.04612779063,0.00039226242075984254,0.6049210300756758,0.0
2024-12-14 05:44,開倉,1.0,99493.3218,0.0004056967472860178,99493.3218,0.0004056967472860178,,,,
2024-12-14 08:14,平倉,,,,,,101250.46505921149,-0.0004056967472860178,0.6717903204419335,0.0
2024-12-14 17:44,開倉,1.0,100042.62614470489,0.00040978391439021203,100042.62614470489,0.00040978391439021203,,,,
2024-12-14 20:14,平倉,,,,,,100878.08057863447,-0.00040978391439021203,0.3010175734946391,0.0
2024-12-15 00:14,開倉,1.0,98511.44979019041,0.0004187940666869203,98511.44979019041,0.0004187940666869203,,,,
2024-12-15 02:44,平倉,,,,,,97551.20000000001,-0.0004187940666869203,-0.4430007784272883,0.0
2024-12-15 02:44,開倉,1.0,97648.79999999999,0.0004175321330662896,97648.79999999999,0.0004175321330662896,,,,
2024-12-15 03:59,平倉,,,,,,102428.76000000001,-0.0004175321330662896,1.9530195961214154,0.0
2024-12-15 18:44,開倉,1.0,100705.9278,0.0004238550490150167,100705.9278,0.0004238550490150167,,,,
2024-12-15 21:14,平倉,,,,,,101394.87720000002,-0.0004238550490150167,0.24903795106039392,0.0
2024-12-16 04:29,開倉,1.0,101040.495,0.0004244948757969357,101040.495,0.0004244948757969357,,,,
2024-12-16 06:59,平倉,,,,,,102174.10977178853,-0.0004244948757969357,0.4378412757147068,0.0
2024-12-16 23:14,開倉,-1.0,105585.08105,-0.00040955649071092637,105585.08105,-0.00040955649071092637,,,,
2024-12-17 01:44,平倉,,,,,,106908.95791964729,0.00040955649071092637,-0.5859876224972467,0.0
2024-12-17 06:59,開倉,1.0,103154.45145,0.00041352335319674085,103154.45145,0.00041352335319674085,,,,
2024-12-17 09:29,平倉,,,,,,106046.85005,-0.00041352335319674085,1.152221518824931,0.0
2024-12-17 14:44,開倉,1.0,103705.32675,0.00042203130310575524,103705.32675,0.00042203130310575524,,,,
2024-12-17 17:14,平倉,,,,,,101884.82980327895,-0.00042203130310575524,-0.8113052862133179,0.0
2024-12-17 17:14,開倉,1.0,101986.76560098106,0.00042075453827714114,101986.76560098106,0.00042075453827714114,,,,
2024-12-17 19:44,平倉,,,,,,105318.91420000001,-0.00042075453827714114,1.357703234134972,0.0
2024-12-18 00:44,開倉,1.0,102490.60560784744,0.0004315209520336512,102490.60560784744,0.0004315209520336512,,,,
2024-12-18 03:14,平倉,,,,,,105759.87790572108,-0.0004315209520336512,1.365121891234837,0.0
2024-12-19 03:29,開倉,1.0,103752.9975262964,0.0004390080314538542,103752.9975262964,0.0004390080314538542,,,,
2024-12-19 05:59,平倉,,,,,,102750.87622301916,-0.0004390080314538542,-0.48504776053053633,0.0
2024-12-19 10:29,開倉,1.0,100542.34605000001,0.0004477470390561284,100542.34605000001,0.0004477470390561284,,,,
2024-12-19 12:59,平倉,,,,,,100728.03703301694,-0.0004477470390561284,0.038041907493783556,0.0
2024-12-20 07:44,開倉,1.0,99828.98955,0.00045087663241382716,99828.98955,0.00045087663241382716,,,,
2024-12-20 10:14,平倉,,,,,,100745.70195000002,-0.00045087663241382716,0.36790031697862247,0.0
2024-12-20 16:29,開倉,1.0,99161.45594999999,0.0004571696673319303,99161.45594999999,0.0004571696673319303,,,,
2024-12-20 17:59,平倉,,,,,,97081.097169,-0.0004571696673319303,-0.9954594647377951,0.0
2024-12-20 17:59,開倉,1.0,96855.42219019042,0.00045730321912936157,96855.42219019042,0.00045730321912936157,,,,
2024-12-20 20:29,平倉,,,,,,98330.2103,-0.00045730321912936157,0.6294586284417713,0.0
2024-12-20 20:44,開倉,1.0,95856.3338318285,0.0004681772552629819,95856.3338318285,0.0004681772552629819,,,,
2024-12-20 23:14,平倉,,,,,,96306.23403311064,-0.0004681772552629819,0.16554465306420105,0.0
2024-12-21 19:44,開倉,1.0,98090.42069999999,0.00045874492313394404,98090.42069999999,0.00045874492313394404,,,,
2024-12-21 22:14,平倉,,,,,,97085.46885440384,-0.00045874492313394404,-0.5055540231083582,0.0
2024-12-21 22:14,開倉,1.0,97182.60289027616,0.0004573622582687551,97182.60289027616,0.0004573622582687551,,,,
2024-12-22 00:44,平倉,,,,,,97076.41848823066,-0.0004573622582687551,-0.09296382789686848,0.0
2024-12-22 08:44,開倉,1.0,96758.52338201893,0.00045794595644073474,96758.52338201893,0.00045794595644073474,,,,
2024-12-22 11:14,平倉,,,,,,97924.91394317319,-0.00045794595644073474,0.48929952273614874,0.0
2024-12-22 22:29,開倉,1.0,96910.21689299999,0.0004618231989539681,96910.21689299999,0.0004618231989539681,,,,
2024-12-23 00:59,平倉,,,,,,96900.32560000001,-0.0004618231989539681,-0.04931884692331428,0.0
2024-12-23 04:29,開倉,1.0,96388.27005,0.0004633475119250916,96388.27004999999,0.0004633475119250916,,,,
2024-12-23 06:59,平倉,,,,,,96424.1638,-0.0004633475119250916,-0.028046616630024883,0.0
2024-12-23 22:59,開倉,1.0,94923.6381,0.0004697304250368169,94923.63809999998,0.0004697304250368169,,,,
2024-12-24 01:29,平倉,,,,,,94962.6949,-0.0004697304250368169,-0.026260699773431075,0.0
2024-12-24 02:59,開倉,1.0,94121.6258474666,0.000472979889846407,94121.6258474666,0.000472979889846407,,,,
2024-12-24 05:29,平倉,,,,,,94142.30529999999,-0.000472979889846407,-0.03474645200935064,0.0
2024-12-24 21:44,開倉,-1.0,96102.03218042299,-0.000461945656855954,96102.032180423,-0.000461945656855954,,,,
2024-12-25 00:14,平倉,,,,,,96955.150582657,0.000461945656855954,-0.43888235141736154,0.0
2024-12-25 06:44,開倉,-1.0,97951.0,-0.00044829436913470285,97951.0,-0.00044829436913470285,,,,
2024-12-25 09:14,平倉,,,,,,97940.64584999999,0.00044829436913470285,-0.03926453290178884,0.0
2024-12-26 04:14,開倉,1.0,96843.39749999999,0.0004530158867766722,96843.39749999999,0.0004530158867766722,,,,
2024-12-26 06:44,平倉,,,,,,97628.36140000001,-0.0004530158867766722,0.31137391853200835,0.0
2024-12-26 13:44,開倉,-1.0,98750.6,-0.00044653011216075973,98750.6,-0.00044653011216075973,,,,
2024-12-26 16:14,平倉,,,,,,97357.9495410668,0.00044653011216075973,0.5783871094998627,0.0
4 21:14,平倉,,,,,,97263.95895325956,-0.0003528842514758827,-0.22598584232100735,0.0
2024-11-24 23:59,開倉,1.0,96046.39919999999,0.000356639622976778,96046.39919999999,0.000356639622976778,,,,
2024-11-25 02:29,平倉,,,,,,96349.337034129,-0.000356639622976778,0.07367764371525895,0.0
2024-11-25 06:59,開倉,-1.0,98018.06645000001,-0.00034951841009360127,98018.06645000001,-0.00034951841009360127,,,,
2024-11-25 09:29,平倉,,,,,,97370.50874699153,0.00034951841009360127,0.19230055339213561,0.0
2024-11-25 17:14,開倉,-1.0,98732.95886145177,-0.0003485875593810363,98732.95886145177,-0.0003485875593810363,,,,
2024-11-25 19:44,平倉,,,,,,98312.85407936912,0.0003485875593810363,0.11217266281118174,0.0
2024-11-25 21:14,開倉,1.0,97644.97827148068,0.000353620949371627,97644.97827148068,0.000353620949371627,,,,
2024-11-25 22:59,平倉,,,,,,95596.43444947332,-0.000353620949371627,-0.7582129130741877,0.0
2024-11-25 22:59,開倉,1.0,95470.84686838037,0.0003533662100027185,95470.84686838038,0.0003533662100027185,,,,
2024-11-26 01:29,平倉,,,,,,95280.52345163729,-0.0003533662100027185,-0.10092278190845486,0.0
2024-11-26 05:44,開倉,1.0,94154.11133322214,0.00035687708762925316,94154.11133322216,0.00035687708762925316,,,,
2024-11-26 08:14,平倉,,,,,,93617.29529126255,-0.00035687708762925316,-0.22498721334248203,0.0
2024-11-26 15:14,開倉,1.0,94047.0,0.00035453259634234135,94047.0,0.00035453259634234135,,,,
2024-11-26 17:44,平倉,,,,,,93582.21873752293,-0.00035453259634234135,-0.19795805469775923,0.0
2024-11-26 18:59,開倉,1.0,92545.6517328359,0.00035778353748718776,92545.65173283589,0.00035778353748718776,,,,
2024-11-26 21:29,平倉,,,,,,92545.86228625728,-0.00035778353748718776,-0.03303605344064376,0.0
2024-11-27 00:44,開倉,-1.0,94756.80228078851,-0.0003483876704125055,94756.80228078851,-0.0003483876704125055,,,,
2024-11-27 03:14,平倉,,,,,,92600.06373187923,0.0003483876704125055,0.7191203982597543,0.0
2024-11-27 21:59,開倉,-1.0,94281.73555,-0.0003574167005759089,94281.73555,-0.0003574167005759089,,,,
2024-11-28 00:29,平倉,,,,,,96154.67825534142,0.0003574167005759089,-0.7037882899578113,0.0
2024-11-28 00:29,開倉,-1.0,96058.57163039857,-0.0003431317879465157,96058.57163039857,-0.0003431317879465157,,,,
2024-11-28 02:59,平倉,,,,,,96346.57872041281,0.0003431317879465157,-0.1318839615567261,0.0
2024-11-28 11:29,開倉,1.0,95364.46742161855,0.00034424561289367436,95364.46742161857,0.00034424561289367436,,,,
2024-11-28 13:59,平倉,,,,,,95465.94211979536,-0.00034424561289367436,0.002068487911570986,0.0
2024-11-28 17:59,開倉,1.0,95221.65163991379,0.0003444387203876853,95221.6516399138,0.0003444387203876853,,,,
2024-11-28 20:29,平倉,,,,,,95437.36815140663,-0.0003444387203876853,0.04142879422184379,0.0
2024-11-29 04:44,開倉,1.0,94899.08308526831,0.00034570048374797814,94899.08308526831,0.00034570048374797814,,,,
2024-11-29 07:14,平倉,,,,,,95700.126,-0.00034570048374797814,0.24383734327269319,0.0
2024-11-29 10:14,開倉,-1.0,96613.76945108933,-0.0003414088283939501,96613.76945108933,-0.0003414088283939501,,,,
2024-11-29 12:44,平倉,,,,,,96453.89299914704,0.0003414088283939501,0.021653021542527566,0.0
2024-11-29 15:59,開倉,1.0,95747.4498,0.00034472414419671823,95747.4498,0.00034472414419671823,,,,
2024-11-29 18:29,平倉,,,,,,96693.73058700109,-0.00034472414419671823,0.2928731709429549,0.0
2024-11-29 18:44,開倉,-1.0,96935.87728074727,-0.00034283699122315397,96935.87728074727,-0.00034283699122315397,,,,
2024-11-29 21:14,平倉,,,,,,97070.67283464687,0.00034283699122315397,-0.07949231953983585,0.0
2024-11-29 22:59,開倉,-1.0,98028.66115,-0.0003378658339171039,98028.66114999999,-0.0003378658339171039,,,,
2024-11-30 01:29,平倉,,,,,,97275.12606406382,0.0003378658339171039,0.22172781860859236,0.0
2024-11-30 09:14,開倉,1.0,97078.80960677977,0.00034345676644654253,97078.80960677977,0.00034345676644654253,,,,
2024-11-30 11:44,平倉,,,,,,96670.34531576597,-0.00034345676644654253,-0.17349190881390514,0.0
2024-11-30 18:44,開倉,1.0,96620.55988283298,0.00034294394876424323,96620.55988283298,0.00034294394876424323,,,,
2024-11-30 21:14,平倉,,,,,,96685.03861161286,-0.00034294394876424323,-0.011044959068818229,0.0
2024-12-01 06:44,開倉,1.0,96717.73469999999,0.00034214235843166643,96717.73469999997,0.00034214235843166643,,,,
2024-12-01 09:14,平倉,,,,,,96443.72774362477,-0.00034214235843166643,-0.12674687074704036,0.0
2024-12-01 10:44,開倉,1.0,96105.33944283372,0.00034265854550529905,96105.33944283372,0.00034265854550529905,,,,
2024-12-01 13:14,平倉,,,,,,96452.77453124813,-0.00034265854550529905,0.08600123462275794,0.0
2024-12-01 16:29,開倉,-1.0,97167.46604195051,-0.0003391201365689953,97167.46604195051,-0.0003391201365689953,,,,
2024-12-01 18:59,平倉,,,,,,97041.63842421664,0.0003391201365689953,0.009761905234762017,0.0
2024-12-02 00:44,開倉,-1.0,97477.54853700357,-0.00033780359584401775,97477.54853700357,-0.00033780359584401775,,,,
2024-12-02 03:14,平倉,,,,,,97357.5343797799,0.00033780359584401775,0.00765348866634958,0.0
2024-12-02 04:29,開倉,1.0,96985.31534723188,0.0003395970164719012,96985.31534723188,0.0003395970164719012,,,,
2024-12-02 06:59,平倉,,,,,,97596.67725000001,-0.0003395970164719012,0.1744731377529694,0.0
2024-12-02 09:29,開倉,-1.0,98095.42775,-0.0003368604579525613,98095.42775000002,-0.0003368604579525613,,,,
2024-12-02 11:59,平倉,,,,,,96664.85354633685,0.0003368604579525613,0.44934131454756016,0.0
2024-12-02 11:59,開倉,1.0,96664.85354633685,0.00034649653394790397,96664.85354633685,0.00034649653394790397,,,,
2024-12-02 14:29,平倉,,,,,,96256.54765000001,-0.00034649653394790397,-0.17482913800172298,0.0
2024-12-02 23:44,開倉,-1.0,97131.077048549,-0.0003423450187892475,97131.07704854899,-0.0003423450187892475,,,,
2024-12-03 02:14,平倉,,,,,,95467.60994999998,0.0003423450187892475,0.536796814385958,0.0
2024-12-03 15:44,開倉,1.0,95482.91759999999,0.00035387906515244304,95482.91759999999,0.00035387906515244304,,,,
2024-12-03 18:14,平倉,,,,,,95403.8742,-0.00035387906515244304,-0.06173323831228099,0.0
2024-12-03 18:59,開倉,1.0,94790.3715,0.0003554563051065074,94790.3715,0.0003554563051065074,,,,
2024-12-03 21:29,平倉,,,,,,94552.70000000001,-0.0003554563051065074,-0.11809118659895901,0.0
2024-12-03 21:59,開倉,1.0,93821.98755,0.00035750654163945237,93821.98755,0.00035750654163945237,,,,
2024-12-04 00:29,平倉,,,,,,95888.30528385972,-0.00035750654163945237,0.7044414105547567,0.0
2024-12-04 13:59,開倉,-1.0,96356.69019677845,-0.00035471344027887726,96356.69019677845,-0.00035471344027887726,,,,
2024-12-04 16:29,平倉,,,,,,96356.76738498922,0.00035471344027887726,-0.034206420149070674,0.0
2024-12-04 20:14,開倉,1.0,96132.8424,0.0003551833973315985,96132.8424,0.0003551833973315985,,,,
2024-12-04 22:44,平倉,,,,,,96351.9999,-0.0003551833973315985,0.04361847473652438,0.0
2024-12-05 00:29,開倉,1.0,95198.86641134298,0.000358767591130959,95198.86641134298,0.000358767591130959,,,,
2024-12-05 02:59,平倉,,,,,,96273.51996810576,-0.000358767591130959,0.3510110490114416,0.0
2024-12-05 03:29,開倉,-1.0,96772.5011252295,-0.000355853457683099,96772.50112522951,-0.000355853457683099,,,,
2024-12-05 04:44,平倉,,,,,,98806.70847754671,0.000355853457683099,-0.7590404288204786,0.0
2024-12-05 04:44,開倉,-1.0,98838.55600000001,-0.0003403909362529432,98838.55600000001,-0.0003403909362529432,,,,
2024-12-05 07:14,平倉,,,,,,98871.11085,0.0003403909362529432,-0.044736205861669355,0.0
2024-12-05 10:44,開倉,-1.0,101247.77686172262,-0.00033151748009313,101247.77686172262,-0.00033151748009313,,,,
2024-12-05 11:44,平倉,,,,,,103376.05679355333,0.00033151748009313,-0.7398329697834579,0.0
2024-12-05 11:44,開倉,-1.0,103326.81075,-0.00031736580209686696,103326.81075000002,-0.00031736580209686696,,,,
2024-12-05 14:14,平倉,,,,,,102075.01199999999,0.00031736580209686696,0.3648829963001879,0.0
2024-12-05 22:44,開倉,-1.0,103289.22955,-0.00032069481852973374,103289.22955,-0.00032069481852973374,,,,
2024-12-06 01:14,平倉,,,,,,100794.31878370514,0.00032069481852973374,0.7677807396736427,0.0
2024-12-06 01:14,開倉,1.0,100794.31878370514,0.0003362539255577683,100794.31878370514,0.0003362539255577683,,,,
2024-12-06 03:44,平倉,,,,,,99750.1,-0.0003362539255577683,-0.38466402786178855,0.0
2024-12-06 03:59,開倉,1.0,99176.06324999999,0.00033751813165924,99176.06324999998,0.00033751813165924,,,,
2024-12-06 06:29,平倉,,,,,,97095.39801500001,-0.00033751813165924,-0.7350337000562545,0.0
2024-12-06 06:29,開倉,1.0,94102.32764999999,0.00034754536595268894,94102.32764999999,0.00034754536595268894,,,,
2024-12-06 08:59,平倉,,,,,,97748.80685903406,-0.00034754536595268894,1.2333448062913535,0.0
2024-12-07 01:44,開倉,-1.0,100826.1223988704,-0.00033594646177965406,100826.12239887039,-0.00033594646177965406,,,,
2024-12-07 04:14,平倉,,,,,,101857.9713811436,0.00033594646177965406,-0.38086483977516966,0.0
2024-12-07 12:29,開倉,1.0,99388.74276476406,0.0003369709977155838,99388.74276476407,0.0003369709977155838,,,,
2024-12-07 14:59,平倉,,,,,,99342.5039,-0.0003369709977155838,-0.049056699047534055,0.0
2024-12-07 22:14,開倉,1.0,99299.52494999999,0.00033644203968943517,99299.52494999999,0.00033644203968943517,,,,
2024-12-08 00:44,平倉,,,,,,99955.4944036439,-0.00033644203968943517,0.18706647054259212,0.0
2024-12-08 03:14,開倉,-1.0,100292.3072611498,-0.00033431002733968714,100292.3072611498,-0.00033431002733968714,,,,
2024-12-08 05:44,平倉,,,,,,99900.26793755307,0.00033431002733968714,0.09766501568441147,0.0
2024-12-08 13:29,開倉,1.0,99706.48206034672,0.0003372542802047888,99706.48206034671,0.0003372542802047888,,,,
2024-12-08 15:59,平倉,,,,,,99691.72920000002,-0.0003372542802047888,-0.038596927670902316,0.0
2024-12-08 16:59,開倉,1.0,99304.82446528343,0.00033789071721839316,99304.82446528343,0.00033789071721839316,,,,
2024-12-08 19:29,平倉,,,,,,99655.67317177264,-0.00033789071721839316,0.08487579418789284,0.0
2024-12-08 21:29,開倉,-1.0,100264.75735435412,-0.0003348328744120231,100264.75735435412,-0.0003348328744120231,,,,
2024-12-08 23:59,平倉,,,,,,100024.88745,0.0003348328744120231,0.046824708982206927,0.0
2024-12-09 07:14,開倉,-1.0,100490.1298,-0.00033421374934746497,100490.12980000001,-0.00033421374934746497,,,,
2024-12-09 09:44,平倉,,,,,,99880.55001835049,0.00033421374934746497,0.17034849124297446,0.0
2024-12-09 15:14,開倉,1.0,98688.71969999999,0.00034204128728564825,98688.71969999999,0.00034204128728564825,,,,
2024-12-09 17:44,平倉,,,,,,98837.02002700069,-0.00034204128728564825,0.01691849319069031,0.0
2024-12-09 17:59,開倉,1.0,98679.61322501798,0.00034190214251983875,98679.61322501798,0.00034190214251983875,,,,
2024-12-09 20:29,平倉,,,,,,98610.99500806468,-0.00034190214251983875,-0.05717602586149433,0.0
2024-12-09 22:59,開倉,-1.0,100158.99545000002,-0.00033560819758386945,100158.99545000003,-0.00033560819758386945,,,,
2024-12-10 01:29,平倉,,,,,,98127.60443158449,0.00033560819758386945,0.6488190498219931,0.0
2024-12-10 23:29,開倉,1.0,96894.52326775882,0.0003536146548536773,96894.52326775882,0.0003536146548536773,,,,
2024-12-11 00:44,平倉,,,,,,94861.72362419036,-0.0003536146548536773,-0.7523722400053328,0.0
2024-12-11 00:44,開倉,1.0,94897.54584259109,0.00035276248952610965,94897.5458425911,0.00035276248952610965,,,,
2024-12-11 03:14,平倉,,,,,,95760.78734203606,-0.00035276248952610965,0.27073840666469534,0.0
2024-12-11 16:44,開倉,-1.0,98491.93939500001,-0.00034195669863526545,98491.93939500002,-0.00034195669863526545,,,,
2024-12-11 19:14,平倉,,,,,,98485.28167728272,0.00034195669863526545,-0.031401050615473644,0.0
2024-12-11 22:59,開倉,-1.0,99410.4699,-0.00033814275280032863,99410.4699,-0.00033814275280032863,,,,
2024-12-12 01:29,平倉,,,,,,100551.35055,0.00033814275280032863,-0.41978123408039825,0.0
2024-12-12 10:59,開倉,-1.0,101722.28679042145,-0.0003260028999498987,101722.28679042145,-0.0003260028999498987,,,,
2024-12-12 13:29,平倉,,,,,,100947.37285083432,0.0003260028999498987,0.21971505522530987,0.0
2024-12-12 19:14,開倉,1.0,100352.10888844474,0.0003326445828992834,100352.10888844474,0.0003326445828992834,,,,
2024-12-12 21:44,平倉,,,,,,101010.33720993812,-0.0003326445828992834,0.18535554396594664,0.0
2024-12-12 22:29,開倉,-1.0,101372.91873008733,-0.00033046418010402044,101372.91873008735,-0.00033046418010402044,,,,
2024-12-13 00:59,平倉,,,,,,101605.55309089151,0.00033046418010402044,-0.11045431910336802,0.0
2024-12-13 03:29,開倉,1.0,100058.86766786812,0.0003336996481495113,100058.86766786812,0.0003336996481495113,,,,
2024-12-13 05:59,平倉,,,,,,99740.37107783453,-0.0003336996481495113,-0.13956552676600506,0.0
2024-12-13 19:29,開倉,-1.0,101357.89570000001,-0.0003273880848179366,101357.89570000001,-0.0003273880848179366,,,,
2024-12-13 21:59,平倉,,,,,,99716.04612779063,0.0003273880848179366,0.5048761416373829,0.0
2024-12-14 05:44,開倉,1.0,99493.3218,0.000338600574721261,99493.3218,0.000338600574721261,,,,
2024-12-14 08:14,平倉,,,,,,101250.46505921149,-0.000338600574721261,0.5606862517767552,0.0
2024-12-14 17:44,開倉,1.0,100042.62614470489,0.00034201178553258747,100042.62614470489,0.00034201178553258747,,,,
2024-12-14 20:14,平倉,,,,,,100878.08057863447,-0.00034201178553258747,0.25123377021957466,0.0
2024-12-15 00:14,開倉,1.0,98511.44979019041,0.0003495317934360293,98511.44979019041,0.0003495317934360293,,,,
2024-12-15 02:44,平倉,,,,,,97551.20000000001,-0.0003495317934360293,-0.3697350771996578,0.0
2024-12-15 02:44,開倉,1.0,97648.79999999999,0.00034847856475706153,97648.79999999999,0.00034847856475706153,,,,
2024-12-15 03:59,平倉,,,,,,102428.76000000001,-0.00034847856475706153,1.6300193731215258,0.0
2024-12-15 03:59,開倉,-1.0,104501.74252214405,-0.0003405655654287785,104501.74252214405,-0.0003405655654287785,,,,
2024-12-15 06:29,平倉,,,,,,101197.37361571779,0.0003405655654287785,1.0908899242369887,0.0
2024-12-15 18:44,開倉,1.0,100705.9278,0.00036424003243677575,100705.9278,0.00036424003243677575,,,,
2024-12-15 21:14,平倉,,,,,,101394.87720000002,-0.00036424003243677575,0.21401087844305078,0.0
2024-12-16 04:29,開倉,1.0,101040.495,0.0003647898678777872,101040.495,0.0003647898678777872,,,,
2024-12-16 06:59,平倉,,,,,,102174.10977178853,-0.0003647898678777872,0.37625910282086533,0.0
2024-12-16 23:14,開倉,-1.0,105585.08105,-0.00035195255974396726,105585.08105,-0.00035195255974396726,,,,
2024-12-17 01:44,平倉,,,,,,106908.95791964729,0.00035195255974396726,-0.503568734457577,0.0
2024-12-17 06:59,開倉,1.0,103154.45145,0.00035536148485613235,103154.45145,0.00035536148485613235,,,,
2024-12-17 09:29,平倉,,,,,,106046.85005,-0.00035536148485613235,0.9901620951937149,0.0
2024-12-17 14:44,開倉,1.0,103705.32675,0.00036267279554602844,103705.32675,0.00036267279554602844,,,,
2024-12-17 17:14,平倉,,,,,,101884.82980327895,-0.00036267279554602844,-0.6971955729988176,0.0
2024-12-17 17:14,開倉,1.0,101986.76560098106,0.00036157560709995645,101986.76560098106,0.00036157560709995645,,,,
2024-12-17 19:44,平倉,,,,,,105318.91420000001,-0.00036157560709995645,1.1667429022965743,0.0
2024-12-18 00:44,開倉,1.0,102490.60560784744,0.0003708277297419119,102490.60560784745,0.0003708277297419119,,,,
2024-12-18 03:14,平倉,,,,,,105759.87790572108,-0.0003708277297419119,1.1731181287070405,0.0
2024-12-19 03:29,開倉,1.0,103752.9975262964,0.0003772617549050163,103752.9975262964,0.0003772617549050163,,,,
2024-12-19 05:59,平倉,,,,,,102750.87622301916,-0.0003772617549050163,-0.41682601738399633,0.0
2024-12-19 10:29,開倉,1.0,100542.34605000001,0.0003847716251304971,100542.34605000002,0.0003847716251304971,,,,
2024-12-19 12:59,平倉,,,,,,100728.03703301694,-0.0003847716251304971,0.03269133080209987,0.0
2024-12-20 07:44,開倉,1.0,99828.98955,0.0003874610426301143,99828.98955000001,0.0003874610426301143,,,,
2024-12-20 10:14,平倉,,,,,,100745.70195000002,-0.0003874610426301143,0.31615530757790616,0.0
2024-12-20 16:29,開倉,1.0,99161.45594999999,0.0003928689650980013,99161.45594999999,0.0003928689650980013,,,,
2024-12-20 17:59,平倉,,,,,,97081.097169,-0.0003928689650980013,-0.8554485514993684,0.0
2024-12-20 17:59,開倉,1.0,96855.42219019042,0.00039298373289690177,96855.42219019042,0.00039298373289690177,,,,
2024-12-20 20:29,平倉,,,,,,98330.2103,-0.00039298373289690177,0.5409255635247041,0.0
2024-12-20 20:44,開倉,1.0,95856.3338318285,0.00040232834087841065,95856.33383182851,0.00040232834087841065,,,,
2024-12-20 23:14,平倉,,,,,,96306.23403311064,-0.00040232834087841065,0.14226087418791272,0.0
2024-12-21 19:44,開倉,1.0,98090.42069999999,0.00039422266190013914,98090.42069999999,0.00039422266190013914,,,,
2024-12-21 22:14,平倉,,,,,,97085.46885440384,-0.00039422266190013914,-0.4344480836159786,0.0
2024-12-21 22:14,開倉,1.0,97182.60289027616,0.0003930344682086498,97182.60289027616,0.0003930344682086498,,,,
2024-12-22 00:44,平倉,,,,,,97076.41848823066,-0.0003930344682086498,-0.07988850850612973,0.0
2024-12-22 08:44,開倉,1.0,96758.52338201893,0.00039353606950274595,96758.52338201895,0.00039353606950274595,,,,
2024-12-22 11:14,平倉,,,,,,97924.91394317319,-0.00039353606950274595,0.4204797712021521,0.0
2024-12-22 22:29,開倉,1.0,96910.21689299999,0.00039686797965001727,96910.21689299999,0.00039686797965001727,,,,
2024-12-23 00:59,平倉,,,,,,96900.32560000001,-0.00039686797965001727,-0.04238217391732878,0.0
2024-12-23 04:29,開倉,1.0,96388.27005,0.0003981778987068647,96388.27005,0.0003981778987068647,,,,
2024-12-23 06:59,平倉,,,,,,96424.1638,-0.0003981778987068647,-0.024101872974745635,0.0
2024-12-23 22:59,開倉,1.0,94923.6381,0.00040366305804201663,94923.63809999998,0.00040366305804201663,,,,
2024-12-24 01:29,平倉,,,,,,94962.6949,-0.00040366305804201663,-0.02256714449790139,0.0
2024-12-24 02:59,開倉,1.0,94121.6258474666,0.0004064554871292665,94121.6258474666,0.0004064554871292665,,,,
2024-12-24 05:29,平倉,,,,,,94142.30529999999,-0.0004064554871292665,-0.02985937960715515,0.0
2024-12-24 21:44,開倉,-1.0,96102.03218042299,-0.0003969732139047351,96102.03218042299,-0.0003969732139047351,,,,
2024-12-25 00:14,平倉,,,,,,96955.150582657,0.0003969732139047351,-0.377153751707525,0.0
2024-12-25 06:44,開倉,-1.0,97951.0,-0.0003852419734867022,97951.0,-0.0003852419734867022,,,,
2024-12-25 09:14,平倉,,,,,,97940.64584999999,0.0003852419734867022,-0.033741994512033545,0.0
2024-12-26 04:14,開倉,1.0,96843.39749999999,0.0003892994118563953,96843.3975,0.0003892994118563953,,,,
2024-12-26 06:44,平倉,,,,,,97628.36140000001,-0.0003892994118563953,0.26757932092497966,0.0
2024-12-26 13:44,開倉,-1.0,98750.6,-0.0003837258584400388,98750.6,-0.0003837258584400388,,,,
2024-12-26 16:14,平倉,,,,,,97357.9495410668,0.0003837258584400388,0.4970372300974497,0.0
